0.679184	
0.958254	
1.019025	
1.222245	
1.432449	
1.577460	
1.606621	
2.074898	
2.220816	
2.356463	
2.408345	
2.439955	
2.632789	
2.952517	
3.004558	
3.296077	
3.366576	
3.636939	
3.951224	
4.165215	
4.257234	
4.344467	
4.660612	
4.956281	
5.055215	
5.150454	
5.203401	
5.269637	
5.308390	
5.421701	
5.535669	
5.662766	
5.689116	
5.878730	
6.003515	
6.574467	
6.604830	
6.767098	
6.839048	
7.194830	
7.637143	
7.974014	
8.180091	
8.298073	
8.510884	
8.731088	
8.943356	
9.140363	
9.377460	
9.582608	
9.704399	
9.918345	
10.035193	
10.250998	
10.461202	
10.664830	
10.681497	
10.866961	
10.906077	
11.117256	
11.324240	
11.445533	
11.661882	
11.785896	
11.984444	
12.210748	
13.283991	
13.360068	
13.561746	
13.719615	
13.795669	
13.997256	
14.150839	
14.592063	
14.934966	
15.137052	
15.254785	
15.466689	
15.688435	
15.899524	
16.098776	
16.333560	
16.538027	
16.661202	
16.873878	
16.990748	
17.206939	
17.417868	
17.636054	
17.860771	
18.069864	
18.282154	
18.404580	
18.619932	
18.744036	
18.939297	
19.134218	
19.358662	
19.793197	
19.975351	
20.234671	
20.885646	
21.105102	
21.325102	
21.537982	
21.759456	
21.889546	
22.093107	
22.193515	
22.407188	
22.628073	
22.756803	
22.855918	
23.061043	
23.276349	
23.497234	
23.626417	
23.831451	
23.930113	
24.143560	
24.275873	
24.366757	
24.496213	
24.588163	
24.802222	
25.015578	
25.237868	
25.365896	
25.576032	
25.671859	
25.886621	
26.107120	
26.234762	
26.538776	
26.754263	
26.977120	
27.107302	
27.192222	
27.408889	
27.622404	
27.757007	
27.844082	
27.972925	
28.063878	
28.281497	
28.491882	
28.716349	
28.846712	
29.051156	
29.149320	
29.364943	
29.585011	
29.711927	
29.811927	
30.018617	
30.234082	
30.454671	
30.587098	
30.787687	
30.886054	
31.101293	
31.230317	
31.322472	
31.454422	
31.544331	
31.758662	
31.973673	
32.192494	
32.322494	
32.534558	
32.628322	
32.843016	
33.062472	
33.188526	
34.152608	
34.411043	
34.479184	
34.529773	
34.558980	
34.587211	
34.798594	
34.962857	
35.011542	
35.233401	
35.448005	
35.670431	
35.804263	
35.886372	
36.106168	
36.319388	
36.540045	
36.668209	
36.775873	
36.974195	
37.189637	
37.409320	
37.541293	
37.625601	
37.844898	
38.059388	
38.187460	
38.279932	
38.407392	
38.501179	
38.715805	
38.929501	
39.151179	
39.282358	
39.366349	
39.586213	
39.799841	
40.021315	
40.148730	
40.240499	
40.453696	
40.668163	
40.888163	
41.018209	
41.104263	
41.322653	
41.537528	
41.665533	
41.757710	
41.886213	
41.975873	
42.193651	
42.404354	
42.629025	
42.761361	
42.843878	
43.063537	
43.278639	
43.498934	
43.625737	
43.933469	
44.146168	
44.368776	
44.498685	
44.583991	
44.800635	
45.015351	
45.144467	
45.235828	
45.364172	
45.457438	
45.670499	
45.885374	
46.106077	
46.239229	
46.322880	
46.540771	
46.755578	
46.961247	
47.115261	
47.185057	
47.395102	
47.559864	
47.621134	
47.803152	
47.842472	
48.062154	
48.140408	
48.159887	
48.480590	
48.749116	
48.932336	
49.148617	
49.363379	
49.584127	
49.716825	
49.916712	
50.019116	
50.232358	
50.453946	
50.583968	
50.685420	
50.888707	
51.102993	
51.324490	
51.452744	
51.659524	
51.757619	
51.973764	
52.101837	
52.193878	
52.321859	
52.412358	
52.628163	
52.843016	
53.063719	
53.192630	
53.401383	
53.425329	
53.497347	
53.711066	
53.931678	
54.063673	
54.365488	
54.578934	
54.801882	
54.933651	
55.017664	
55.098776	
55.236916	
55.451474	
55.580408	
55.672494	
55.797551	
55.892744	
56.107528	
56.321701	
56.542608	
56.671202	
56.757120	
56.877279	
56.974218	
57.190000	
57.410748	
57.539705	
57.623583	
57.843424	
58.058776	
58.280068	
58.411859	
58.496213	
58.617075	
58.714127	
58.928322	
59.058934	
59.149478	
59.277029	
59.369478	
59.585125	
59.799637	
60.020159	
60.152676	
60.235420	
60.355147	
60.455170	
60.669569	
60.890408	
61.017392	
61.285397	
61.321270	
61.537029	
61.758209	
61.890952	
62.128254	
62.275556	
62.363832	
62.639456	
62.704558	
62.846576	
63.064467	
63.278005	
63.498526	
63.628413	
63.833741	
63.932245	
64.145193	
64.367211	
64.497120	
64.594150	
64.800590	
65.014762	
65.235714	
65.368526	
65.566190	
65.669864	
65.884807	
66.015306	
66.105896	
66.235329	
66.327438	
66.540952	
66.755760	
66.976871	
67.104467	
67.317800	
67.411088	
67.625329	
67.844263	
67.971338	
68.278345	
68.492109	
68.716054	
68.848662	
68.930952	
69.146780	
69.363696	
69.493515	
69.582200	
69.711927	
69.808549	
70.021043	
70.235442	
70.457347	
70.584308	
70.670227	
70.796168	
70.888707	
71.103696	
71.322562	
71.451020	
71.537778	
71.555578	
71.757687	
71.972562	
72.193424	
72.326190	
72.408186	
72.533469	
72.626531	
72.839955	
72.971247	
73.062245	
73.190975	
73.284104	
73.499546	
73.713197	
73.934354	
74.064580	
74.149342	
74.289592	
74.369184	
74.581338	
74.787687	
74.942880	
75.013946	
75.220476	
75.450136	
75.630091	
75.669864	
75.885805	
76.756054	
77.549728	
77.791950	
78.011134	
78.151791	
78.188254	
78.225125	
78.426780	
78.554989	
78.637710	
78.736145	
78.765329	
78.875873	
78.919410	
79.063991	
79.093537	
79.122358	
79.177687	
79.206485	
79.239864	
79.458367	
79.501383	
79.526712	
79.555057	
79.581973	
79.613968	
79.635034	
79.843719	
79.875896	
79.932948	
79.961973	
79.990658	
80.019864	
80.048005	
80.103900	
80.135079	
80.176463	
80.247370	
80.430998	
80.526327	
80.963628	
81.012381	
81.181633	
81.351610	
81.380363	
81.686054	
82.005034	
82.121950	
82.498027	
87.284150	
87.643084	
87.867687	
88.077075	
88.189728	
88.405170	
88.625351	
88.841361	
88.948345	
89.159955	
89.380113	
89.598889	
89.794014	
89.938481	
90.011678	
90.144739	
90.229728	
90.447755	
90.667188	
90.888254	
91.100068	
91.322880	
91.456599	
91.539048	
91.666531	
91.757687	
91.885079	
91.972177	
92.193469	
92.322653	
92.627778	
92.840363	
93.063061	
93.191293	
93.279274	
93.406190	
93.497188	
93.711156	
93.841769	
93.932948	
94.058345	
94.150567	
94.368458	
94.580363	
94.803469	
94.936440	
95.017211	
95.031451	
95.148413	
95.236281	
95.372268	
95.450635	
95.584195	
95.671859	
95.800658	
95.906576	
96.105692	
96.319456	
96.541020	
96.671995	
96.756757	
96.887778	
96.974603	
97.101746	
97.190385	
97.320884	
97.410068	
97.537279	
97.629161	
97.846168	
98.060181	
98.281361	
98.411202	
98.493878	
98.624127	
98.713764	
98.842902	
98.927029	
99.150091	
99.280068	
99.583288	
99.797778	
100.019116	
100.147302	
100.237415	
100.361859	
100.453356	
100.667664	
100.797279	
100.888322	
101.014921	
101.107098	
101.324240	
101.538027	
101.758866	
101.890454	
101.974739	
102.105057	
102.192971	
102.335215	
102.406213	
102.539592	
102.622540	
102.758050	
102.836939	
103.058617	
103.274603	
103.454399	
103.497596	
103.630204	
103.734717	
103.842744	
104.060658	
104.584875	
104.802744	
105.015964	
105.236077	
105.367370	
105.571111	
105.671746	
105.884966	
106.106190	
106.234898	
106.337642	
106.540612	
106.755261	
106.976531	
107.104717	
107.308231	
107.409410	
107.623379	
107.753832	
107.846531	
107.973016	
108.064989	
108.282154	
108.496259	
108.714490	
108.844036	
109.055170	
109.149274	
109.364671	
109.583469	
109.713741	
110.017732	
110.230068	
110.454036	
110.586485	
110.670181	
110.751769	
110.887710	
111.103084	
111.234240	
111.324649	
111.451837	
111.545601	
111.760023	
111.974104	
112.195261	
112.323537	
112.409977	
112.531542	
112.626599	
112.842676	
113.060567	
113.190544	
113.276349	
113.496508	
113.710998	
113.931066	
114.064127	
114.147166	
114.268821	
114.366100	
114.581179	
114.711134	
114.802653	
114.930045	
115.022358	
115.237460	
115.452245	
115.672472	
115.803061	
115.887778	
116.006213	
116.107755	
116.321927	
116.540703	
116.669161	
116.754240	
116.973810	
117.188367	
117.409410	
117.543152	
117.632676	
118.065964	
118.383583	
118.492200	
118.715329	
118.925714	
119.150091	
119.281156	
119.365488	
119.585420	
119.800249	
120.020726	
120.146463	
120.451723	
120.667642	
120.887868	
121.020000	
121.104989	
121.321202	
121.536508	
121.665533	
121.757211	
121.886984	
121.979683	
122.194036	
122.407370	
122.628481	
122.759660	
122.844943	
123.062268	
123.277800	
123.497846	
123.624240	
123.932381	
124.147029	
124.267823	
124.368299	
124.499410	
124.582494	
124.799456	
125.014104	
125.142812	
125.235374	
125.366168	
125.453741	
125.670794	
125.883741	
126.106259	
126.238141	
126.321383	
126.540499	
126.755556	
126.974580	
127.103401	
127.410023	
127.624966	
127.845170	
127.977256	
128.061293	
128.279932	
128.491383	
128.622290	
128.714830	
128.843946	
128.936689	
129.151882	
129.364558	
129.587188	
129.717098	
129.800952	
130.020748	
130.233628	
130.439274	
130.594898	
130.664014	
130.865828	
131.095011	
131.280272	
131.320317	
131.540045	
132.409274	
132.626961	
132.840794	
133.062426	
133.194717	
133.394875	
133.497687	
133.710567	
133.933673	
134.059841	
134.161837	
134.366054	
134.581995	
134.801746	
134.928118	
135.136372	
135.235782	
135.449501	
135.579796	
135.670476	
135.799569	
135.891066	
136.106417	
136.319229	
136.541723	
136.671451	
136.881814	
136.976077	
137.190930	
137.411519	
137.539342	
137.844082	
138.059161	
138.281723	
138.410544	
138.495669	
138.576848	
138.713039	
138.928345	
139.059683	
139.148118	
139.275533	
139.368707	
139.583764	
139.798549	
140.018685	
140.151814	
140.235034	
140.356122	
140.453673	
140.668073	
140.889615	
141.017211	
141.324649	
141.536349	
141.759683	
141.888594	
141.975147	
142.096304	
142.190930	
142.407392	
142.534921	
142.627483	
142.755238	
142.848753	
143.062676	
143.276689	
143.496825	
143.629773	
143.713333	
143.838776	
143.930839	
144.146757	
144.366395	
144.496553	
144.763379	
144.802132	
145.013243	
145.237415	
145.367778	
145.452109	
145.668934	
145.883243	
146.015624	
146.105034	
146.233469	
146.322222	
146.540476	
146.754943	
146.975283	
147.108730	
147.309048	
147.410544	
147.623878	
147.844467	
147.975714	
148.072313	
148.279501	
148.493900	
148.715170	
148.845351	
149.050884	
149.148549	
149.363401	
149.494263	
149.584875	
149.711791	
149.802585	
150.019909	
150.232517	
150.453107	
150.584807	
150.793946	
150.888526	
151.101655	
151.322880	
151.454807	
151.757392	
151.971270	
152.193469	
152.325374	
152.409660	
152.625964	
152.839592	
152.970499	
153.060340	
153.187937	
153.282880	
153.498503	
153.710567	
153.932676	
154.063039	
154.149955	
154.268662	
154.365215	
154.580476	
154.801088	
154.931587	
155.017891	
155.234354	
155.449751	
155.671224	
155.803265	
155.887392	
156.007687	
156.104195	
156.317914	
156.449569	
156.540635	
156.667234	
156.761791	
156.976508	
157.190816	
157.410907	
157.543356	
157.627052	
157.759977	
157.844875	
158.060385	
158.271973	
158.410408	
158.488277	
158.700975	
158.924558	
159.106780	
160.237234	
160.678776	
160.890930	
161.016077	
161.224150	
161.341837	
161.555601	
161.776485	
161.986168	
162.184739	
162.394717	
162.420930	
162.624694	
162.747755	
162.959955	
163.077392	
163.293583	
163.505624	
163.705964	
163.724830	
163.948980	
164.130907	
164.156531	
164.369955	
164.491406	
164.705624	
164.830340	
165.027642	
165.258458	
166.038005	
166.326304	
166.704785	
166.761179	
167.196553	
167.630499	
168.065941	
168.500454	
