0.177007	
0.243605	
0.504717	
0.756825	
1.025125	
1.158821	
1.280136	
1.408458	
1.540317	
1.670839	
1.789365	
2.065125	
2.201111	
2.315170	
2.573673	
2.704603	
2.823537	
3.101315	
3.224150	
3.352766	
3.477596	
3.606984	
3.730272	
3.855510	
4.126054	
4.271995	
4.379297	
4.512449	
4.639909	
4.767664	
4.891995	
5.162562	
5.288027	
5.413401	
5.546327	
5.666327	
5.805488	
5.929705	
6.189410	
6.331905	
6.447959	
6.579592	
6.712200	
6.836984	
6.962313	
7.228957	
7.348662	
7.480454	
7.618662	
7.749977	
7.857506	
7.995329	
8.261882	
8.773719	
8.904331	
9.027415	
9.295011	
9.427166	
9.541927	
9.563039	
9.683197	
9.800159	
9.941361	
10.061814	
10.337732	
10.475624	
10.581270	
10.717664	
10.845465	
10.975147	
11.095760	
11.371156	
11.497914	
11.617982	
11.751270	
11.872086	
12.012608	
12.128231	
12.396349	
12.537370	
12.646893	
12.785556	
12.918322	
13.040998	
13.147891	
13.174354	
13.439320	
13.563175	
13.690091	
13.815986	
13.949433	
14.077279	
14.201769	
14.471338	
14.614558	
14.717483	
14.849161	
14.883379	
14.979932	
15.102676	
15.222721	
15.243333	
15.369864	
15.472880	
15.585329	
15.629501	
15.772698	
15.936145	
16.011859	
16.263311	
16.355488	
16.414172	
16.789524	
17.051633	
17.110839	
17.300499	
17.573447	
17.695624	
17.825215	
17.940204	
18.084308	
18.215941	
18.334898	
18.613356	
18.747823	
18.861701	
19.119977	
19.252948	
19.319841	
19.365941	
19.616236	
19.650295	
19.902630	
20.152585	
20.186372	
20.284830	
20.409365	
20.532834	
20.673560	
20.753016	
20.925488	
21.064739	
21.183696	
21.320839	
21.341383	
21.707506	
21.837234	
21.957166	
22.093356	
22.213923	
22.350703	
22.473741	
22.735283	
22.878753	
22.993379	
23.124422	
23.256939	
23.382041	
23.510544	
23.751497	
23.774150	
23.905102	
23.980567	
24.158639	
24.256984	
24.386553	
24.494785	
24.538571	
24.752449	
24.808254	
25.215964	
25.319546	
25.477642	
25.570771	
25.840091	
25.974807	
26.088367	
26.229705	
26.344898	
26.486508	
26.606871	
26.840658	
26.863129	
26.885465	
27.022177	
27.125828	
27.388571	
27.522766	
27.573946	
27.602358	
27.641043	
27.879365	
27.915828	
27.984150	
28.163220	
28.263333	
28.300408	
28.414649	
28.555488	
28.673741	
28.804717	
28.941383	
29.012834	
29.083628	
29.190680	
29.318912	
29.462721	
29.583379	
29.717052	
29.985057	
30.102653	
30.234694	
30.363537	
30.496712	
30.623719	
30.745805	
30.934150	
31.018231	
31.159841	
31.266190	
31.481224	
31.503673	
31.528390	
31.789229	
32.052018	
32.178639	
32.295193	
32.320000	
32.429864	
32.555215	
32.778934	
32.842608	
32.958322	
33.076190	
33.333469	
33.596054	
34.118299	
34.371633	
34.459252	
34.587347	
34.623673	
34.749864	
34.807483	
35.293379	
35.406100	
35.667098	
35.919955	
36.190454	
36.318390	
36.445918	
36.652290	
36.942653	
37.182540	
37.217914	
37.363764	
37.728685	
37.981837	
38.252676	
38.380023	
38.500998	
38.708345	
38.759116	
38.896213	
39.016803	
39.257959	
39.424807	
39.541633	
39.801406	
40.052880	
40.319501	
40.569388	
40.708594	
40.840159	
40.963333	
41.092653	
41.182086	
41.351497	
42.121247	
42.385986	
42.516689	
42.538685	
42.854898	
42.890975	
43.002948	
43.139819	
43.167460	
43.388707	
43.411882	
43.569161	
43.672902	
43.933787	
44.192540	
44.460136	
44.592517	
44.710204	
44.840317	
44.919592	
44.961134	
45.207302	
45.223061	
45.436712	
45.479342	
45.629819	
45.733379	
46.008844	
46.242290	
46.270227	
46.500045	
46.779093	
46.981927	
47.292472	
47.532426	
47.562018	
47.704150	
48.072676	
48.321905	
48.598639	
48.865624	
48.952766	
49.102834	
49.502971	
49.620635	
49.880181	
50.010522	
50.027052	
50.142245	
50.198957	
50.391769	
50.534104	
50.661565	
50.786508	
50.808345	
50.920295	
50.987324	
51.174422	
51.236213	
51.698571	
51.838798	
51.951565	
52.185601	
52.212449	
52.337324	
52.461927	
52.736440	
52.836735	
52.863696	
52.991088	
53.060363	
53.206145	
53.222245	
53.245442	
53.339252	
53.512063	
53.763628	
53.908934	
54.013787	
54.175986	
54.193243	
54.330159	
54.529705	
54.665420	
54.799456	
54.921179	
55.046803	
55.169320	
55.301315	
55.409660	
55.447868	
55.540998	
55.572608	
55.828458	
55.970204	
56.085238	
56.295261	
56.323696	
56.344603	
56.474195	
56.599093	
56.863651	
56.993696	
57.119456	
57.205805	
57.378390	
57.629002	
57.866848	
57.898073	
58.273379	
58.411565	
58.545147	
58.666893	
58.801429	
58.930884	
59.037710	
59.063311	
59.186417	
59.242880	
59.398821	
59.435329	
59.485964	
59.709592	
59.972880	
60.113197	
60.218594	
60.474059	
60.613719	
60.731927	
61.001950	
61.096893	
61.116417	
61.255170	
61.324127	
61.477664	
61.508050	
61.615556	
62.032154	
62.174444	
62.282109	
62.554399	
62.673832	
62.793016	
62.815374	
62.926236	
63.075533	
63.179796	
63.324422	
63.429025	
63.554694	
63.585578	
63.680884	
63.720930	
63.837574	
64.106463	
64.250862	
64.353878	
64.579773	
64.617211	
64.872041	
65.143651	
65.232857	
65.260952	
65.387324	
65.408186	
65.460227	
65.621247	
65.648186	
65.866939	
66.047551	
66.124739	
66.167302	
66.425692	
66.686576	
66.913197	
66.939592	
67.208299	
67.300612	
67.330748	
67.463560	
67.528254	
67.688413	
67.721565	
67.863968	
67.969728	
68.187528	
68.382540	
68.496939	
68.720499	
68.754059	
68.985896	
69.017800	
69.130862	
69.281769	
69.367846	
69.396440	
69.535850	
69.597075	
69.755011	
69.786531	
69.915510	
69.929728	
70.035147	
70.257574	
70.309433	
70.453764	
70.560136	
70.787596	
70.819274	
70.946304	
71.075374	
71.345261	
71.433401	
71.464036	
71.593197	
71.664943	
71.822540	
71.848912	
71.999705	
72.104104	
72.326077	
72.370385	
72.514853	
72.630091	
72.857007	
72.889955	
73.016961	
73.119501	
73.143537	
73.271451	
73.409569	
73.508367	
73.528889	
73.664308	
73.732041	
73.801542	
73.894490	
73.930635	
74.052789	
74.070091	
74.173152	
74.392132	
74.442540	
74.955986	
75.085941	
75.211202	
75.478005	
75.609070	
75.725147	
75.745465	
75.864762	
75.983129	
76.123175	
76.245873	
76.518980	
76.657188	
76.762676	
76.897868	
77.025556	
77.157347	
77.278095	
77.551995	
77.679615	
77.800317	
77.932336	
78.055261	
78.194331	
78.311633	
78.578594	
78.719433	
78.829048	
78.965805	
79.100884	
79.222608	
79.345896	
79.620136	
79.744853	
79.870703	
79.997528	
80.074739	
80.129751	
80.258798	
80.383311	
80.651293	
80.795283	
80.898912	
81.032925	
81.162086	
81.289206	
81.363583	
81.420567	
81.551678	
81.683243	
81.815057	
81.858866	
81.958231	
82.067052	
82.194240	
82.427868	
82.592063	
82.712517	
82.968844	
83.232358	
83.482698	
83.752268	
83.878753	
84.006440	
84.135465	
84.267234	
84.398027	
84.517460	
84.794603	
84.928390	
85.042063	
85.221905	
85.300590	
85.435079	
85.546259	
85.827755	
85.951293	
86.036803	
86.226644	
86.411270	
86.594444	
86.854059	
86.931859	
86.999229	
87.332744	
87.366009	
87.620136	
87.888571	
88.017982	
88.139433	
88.274444	
88.393061	
88.531315	
88.656667	
88.917302	
89.060023	
89.174399	
89.306349	
89.436803	
89.562834	
89.692404	
89.955828	
90.079751	
90.196689	
90.212857	
90.270703	
90.297415	
90.347619	
90.452494	
90.577483	
90.687460	
90.990045	
91.475034	
91.500590	
91.753628	
92.146576	
92.272063	
92.289433	
92.411882	
92.527483	
92.668458	
92.781519	
93.048027	
93.067596	
93.205079	
93.308435	
93.571519	
93.703787	
93.825351	
93.961769	
94.101134	
94.168209	
94.211746	
94.346417	
94.600612	
94.751655	
94.855261	
95.123537	
95.263560	
95.373741	
95.508277	
95.645669	
95.900816	
96.167551	
96.285238	
96.416916	
96.546508	
96.679229	
96.806327	
96.928299	
97.199637	
97.342336	
97.450726	
97.708844	
97.971791	
98.234671	
98.363220	
98.477959	
98.503265	
98.613197	
98.737959	
98.955215	
99.026349	
99.140998	
99.258798	
99.494694	
99.517347	
99.779819	
100.034059	
100.301066	
100.555805	
100.770000	
100.806077	
100.934308	
100.989433	
101.475964	
101.589297	
101.848980	
102.102222	
102.373764	
102.502268	
102.629524	
102.835011	
102.961315	
103.123991	
103.358413	
103.401497	
103.546236	
103.912676	
104.165873	
104.436395	
104.564558	
104.683379	
104.891202	
104.943401	
105.197732	
105.609116	
105.723197	
105.984762	
106.236939	
106.502812	
106.751950	
106.891224	
107.023719	
107.146984	
107.276122	
107.370385	
107.535011	
108.305102	
108.569546	
108.722041	
109.038639	
109.074558	
109.184399	
109.323424	
109.572154	
109.594535	
109.751542	
109.857120	
110.117302	
110.376304	
110.644943	
110.776893	
110.894127	
111.023265	
111.104490	
111.144966	
111.402540	
111.620272	
111.812472	
111.917937	
112.194240	
112.425828	
112.455737	
112.684512	
112.963810	
113.158073	
113.354853	
113.476735	
113.714943	
113.746848	
113.889093	
114.255601	
114.510227	
114.783787	
115.050181	
115.135215	
115.287120	
115.687959	
115.804830	
116.066531	
116.210567	
116.328005	
116.380612	
116.577256	
116.714218	
116.845510	
116.969728	
116.997483	
117.102313	
117.170000	
117.355601	
117.416984	
118.019569	
118.134467	
118.368934	
118.396780	
118.522290	
118.652268	
118.920476	
119.019116	
119.046122	
119.174785	
119.246168	
119.388753	
119.407596	
119.495125	
119.525669	
119.692449	
119.946009	
120.091610	
120.198526	
120.352132	
120.376372	
120.509637	
120.689070	
120.723220	
120.848889	
120.983605	
121.106372	
121.231429	
121.354014	
121.484399	
121.593741	
121.631224	
121.757324	
122.012562	
122.153583	
122.267778	
122.507098	
122.530522	
122.661882	
122.784399	
123.047188	
123.179433	
123.305420	
123.389977	
123.561156	
123.812721	
124.050635	
124.083084	
124.457710	
124.595805	
124.730794	
124.856349	
124.891542	
124.978005	
125.192789	
125.218299	
125.242200	
125.381293	
125.419229	
125.478980	
125.584785	
125.609955	
125.671474	
126.412018	
126.652426	
126.913084	
127.033560	
127.179070	
127.279342	
127.446100	
127.502018	
127.665374	
127.799365	
127.963447	
128.477347	
128.722608	
128.981270	
129.107075	
129.341224	
129.366372	
129.485805	
129.512041	
129.589388	
129.614376	
129.738980	
129.866803	
129.906984	
130.018776	
130.541655	
130.770907	
130.798435	
131.052313	
131.178549	
131.416803	
131.444422	
131.585011	
131.641429	
131.803696	
131.980544	
132.084603	
132.308526	
132.839705	
132.862630	
132.990340	
133.025374	
133.118821	
133.245011	
133.483039	
133.511927	
133.656372	
133.710136	
133.872109	
134.046531	
134.151859	
134.372132	
134.691995	
134.907075	
134.934399	
135.172653	
135.194830	
135.314626	
135.554807	
135.583061	
135.721020	
135.778163	
135.942562	
136.103288	
136.116916	
136.220771	
136.440930	
136.756553	
136.979864	
137.000295	
137.131020	
137.234807	
137.258866	
137.382993	
137.596349	
137.621519	
137.650748	
137.792721	
137.845261	
138.009728	
138.185329	
138.289524	
138.512222	
138.820385	
139.041270	
139.071293	
139.324150	
139.449524	
139.688526	
139.717642	
139.845465	
139.867959	
139.920181	
140.076916	
140.103946	
140.506939	
140.583401	
140.624580	
140.879773	
141.006236	
141.137937	
141.266553	
141.394354	
141.654966	
141.782676	
141.909977	
142.040680	
142.141633	
142.171905	
142.299864	
142.426984	
142.688141	
142.815215	
142.944626	
143.074127	
143.203855	
143.332812	
143.460680	
143.721451	
143.850091	
143.978730	
144.107483	
144.212653	
144.239093	
144.367392	
144.493039	
144.625057	
144.755873	
144.884218	
145.012041	
145.143515	
145.270703	
145.401134	
145.528209	
145.788776	
145.917868	
146.047166	
146.178118	
146.305760	
146.437279	
146.565850	
146.822857	
146.952608	
147.081882	
147.209025	
147.342268	
147.471293	
147.599524	
147.729365	
147.860748	
147.988050	
148.114830	
148.251361	
148.375986	
148.505034	
148.632109	
148.763220	
148.900522	
149.278617	
149.410567	
149.538639	
149.666712	
149.927392	
150.055283	
150.183628	
150.316304	
150.414762	
150.443968	
150.571995	
150.701587	
150.960590	
151.087415	
151.218617	
151.476531	
151.605873	
151.733129	
151.994240	
152.122812	
152.254444	
152.510454	
152.641474	
152.771655	
153.028866	
153.157098	
153.285079	
153.413197	
153.543084	
153.673583	
153.802517	
153.939546	
154.061587	
154.191134	
154.320794	
154.578753	
154.710136	
154.838753	
155.095692	
155.224059	
155.354127	
155.483084	
155.615601	
155.743447	
155.871542	
156.132789	
156.260295	
156.387642	
156.522585	
156.649184	
156.777460	
156.904943	
157.034830	
157.172812	
157.551179	
157.682789	
157.811315	
157.938866	
158.199410	
158.327732	
158.455102	
158.716440	
158.844853	
158.973787	
159.198753	
159.230884	
159.361429	
159.491497	
159.748367	
159.878390	
160.007120	
160.266485	
160.395442	
160.525397	
160.783696	
160.912744	
161.041111	
161.266553	
161.301293	
161.429841	
161.557755	
161.689433	
161.815692	
161.947574	
162.076508	
162.332630	
162.464286	
162.593016	
162.724127	
162.851678	
162.982494	
163.112177	
163.334308	
163.368435	
163.497143	
163.627279	
163.756349	
163.887347	
164.016054	
164.144694	
164.273583	
164.404830	
164.532630	
164.659819	
164.796168	
164.920771	
165.049410	
165.176599	
165.307370	
165.403991	
165.445147	
165.824218	
165.955011	
166.083605	
166.211769	
166.471542	
166.599751	
166.728526	
166.988866	
167.116508	
167.245918	
167.471610	
167.504376	
167.633651	
167.764059	
168.020658	
168.151043	
168.281156	
168.538912	
168.667370	
168.798912	
168.923968	
169.057687	
169.184966	
169.312404	
169.538481	
169.573628	
169.701587	
169.831497	
169.961088	
170.089184	
170.221179	
170.349683	
170.479138	
170.605850	
170.736689	
170.865034	
171.123583	
171.254444	
171.384603	
171.512834	
171.605896	
171.641066	
171.768844	
171.899161	
172.028050	
172.159819	
172.288345	
172.416145	
172.675601	
172.804989	
172.932041	
173.067619	
173.190862	
173.321678	
173.449615	
173.675193	
173.717438	
174.096893	
174.224807	
174.356122	
174.484535	
174.741293	
174.871224	
175.001633	
175.131995	
175.225782	
175.260635	
175.389728	
175.448209	
175.742494	
175.778685	
175.906009	
176.035510	
176.294558	
176.423084	
176.551905	
176.810317	
176.941224	
177.068844	
177.292177	
177.457347	
177.583288	
177.811950	
177.846032	
177.974218	
178.101882	
178.363039	
178.490794	
178.618526	
178.878594	
179.008163	
179.137415	
179.361270	
179.396304	
179.525011	
179.657483	
179.913537	
180.041247	
180.171565	
180.301179	
180.429637	
180.559161	
180.689501	
180.946259	
181.076599	
181.205397	
181.341066	
181.466916	
181.593991	
181.722562	
181.827823	
181.990771	
182.498730	
182.628526	
182.756009	
183.016168	
183.145488	
183.274694	
183.495397	
183.532562	
183.640204	
183.660091	
183.788277	
184.022562	
184.050113	
184.178685	
184.308549	
184.566825	
184.695601	
184.823900	
184.956780	
185.083741	
185.213288	
185.343560	
185.471859	
185.565283	
185.600658	
185.729410	
185.856825	
186.075646	
186.117982	
186.247506	
186.373832	
186.506712	
186.635261	
186.763628	
186.891497	
187.145034	
187.409048	
187.539977	
187.613560	
187.797732	
187.931837	
188.150816	
188.184512	
188.313832	
188.443288	
188.702608	
188.832290	
188.962290	
189.219524	
189.348776	
189.477415	
189.589615	
189.616440	
189.866032	
189.994512	
190.124422	
190.221338	
190.262789	
190.642109	
190.674399	
190.772744	
190.835805	
191.031837	
191.160045	
191.289388	
191.417664	
191.546168	
191.630272	
191.806145	
191.875125	
192.062562	
192.322358	
192.451270	
192.582200	
192.710839	
192.837324	
192.968594	
193.099660	
193.228889	
193.356463	
193.483946	
193.616122	
193.705442	
193.843492	
193.870930	
193.951270	
193.980023	
194.134943	
194.262268	
194.390431	
194.519297	
194.648753	
194.777551	
194.843447	
194.970952	
195.038322	
195.153061	
195.423379	
195.554150	
195.683061	
195.811542	
195.938639	
196.051179	
196.070794	
196.199093	
196.458027	
196.587166	
196.716349	
196.974943	
197.105351	
197.237415	
197.494558	
197.622245	
197.751746	
197.849297	
198.010136	
198.138889	
198.268980	
198.509592	
198.535079	
198.782676	
198.914671	
199.044467	
199.173265	
199.304399	
199.433311	
199.561088	
199.689070	
199.819887	
200.038503	
200.075964	
200.332925	
200.595374	
200.723469	
200.854830	
201.111111	
201.240363	
201.373968	
201.630000	
201.734830	
201.756168	
201.887007	
202.118776	
202.145737	
202.254762	
202.662925	
202.791293	
202.920884	
203.050317	
203.181746	
203.309297	
203.439546	
203.569728	
203.698413	
203.823832	
203.955057	
204.196621	
204.211769	
204.321179	
204.344422	
204.475102	
204.730703	
204.860045	
204.988390	
205.118027	
205.249252	
205.377732	
205.497732	
205.766009	
205.873900	
205.895011	
206.023810	
206.104331	
206.164467	
206.260385	
206.282902	
206.411927	
206.539546	
206.761746	
206.807868	
207.185170	
207.317868	
207.445601	
207.576644	
207.834195	
207.938345	
207.962766	
208.091723	
208.326576	
208.350136	
208.479909	
208.607370	
208.830317	
208.868050	
208.996145	
209.127098	
209.255850	
209.361406	
209.384535	
209.513447	
209.645011	
209.901202	
210.007166	
210.030227	
210.160816	
210.394399	
210.418821	
210.547687	
210.677279	
210.898027	
210.936100	
211.064603	
211.193447	
211.322834	
211.454467	
211.582494	
211.710839	
211.840884	
211.969206	
212.098821	
212.227596	
212.464807	
212.485692	
212.616395	
212.746757	
212.965147	
213.004376	
213.132744	
213.261927	
213.391610	
213.496712	
213.521497	
213.650159	
213.781315	
214.039501	
214.145057	
214.167279	
214.297007	
214.381633	
214.438481	
214.532834	
214.555488	
214.684195	
214.811995	
214.945351	
215.035397	
215.081020	
215.460068	
215.588980	
215.718118	
215.849093	
215.978050	
216.106939	
216.209932	
216.235238	
216.365102	
216.598776	
216.622721	
216.752018	
216.881066	
217.103379	
217.140385	
217.268662	
217.399615	
217.529274	
217.632426	
217.658730	
217.786553	
217.920204	
218.173356	
218.280091	
218.303900	
218.433129	
218.668367	
218.691701	
218.820930	
218.940975	
219.169683	
219.207868	
219.337619	
219.466122	
219.595147	
219.726440	
219.854966	
219.961542	
219.985624	
220.112426	
220.241905	
220.349274	
220.371655	
220.500317	
220.529728	
220.737528	
220.758435	
220.888617	
221.020612	
221.240408	
221.277234	
221.405533	
221.534354	
221.662653	
221.768526	
221.794263	
221.922290	
222.044807	
222.182313	
222.312018	
222.415896	
222.439909	
222.570136	
222.649683	
222.710272	
222.805147	
222.831950	
223.233628	
223.309184	
223.350567	
223.610181	
223.870635	
224.120748	
224.393832	
224.526077	
224.647120	
224.775737	
224.906440	
225.037483	
225.154467	
225.431565	
225.567596	
225.680952	
225.941270	
226.189501	
226.466417	
226.593492	
226.719070	
226.842517	
226.971361	
227.096871	
227.222993	
227.492290	
227.638753	
227.744172	
227.861134	
228.004263	
228.261043	
228.528639	
228.655215	
228.777324	
228.910317	
229.034354	
229.171950	
229.293810	
229.555760	
229.699093	
229.814399	
230.077188	
230.203016	
230.326599	
230.594059	
230.715601	
230.846032	
230.983129	
231.115918	
231.227166	
231.359546	
231.626168	
232.139524	
232.272472	
232.392880	
232.660635	
232.793810	
232.910000	
232.927392	
233.048707	
233.166485	
233.306576	
233.426893	
233.702426	
233.841791	
233.946621	
234.209887	
234.462812	
234.738367	
234.863878	
234.983900	
235.116825	
235.237143	
235.380136	
235.494649	
235.761723	
235.904286	
236.011156	
236.132971	
236.282041	
236.533447	
236.805306	
236.929456	
237.054580	
237.183492	
237.315646	
237.444943	
237.566032	
237.838844	
237.980612	
238.082744	
238.345556	
238.476304	
238.606848	
238.735896	
238.872290	
238.996168	
239.116304	
239.139751	
239.250454	
239.375351	
239.669932	
239.777891	
239.897370	
240.153900	
240.416100	
240.666735	
240.937710	
241.071338	
241.193084	
241.321565	
241.452789	
241.584059	
241.704082	
241.975102	
242.113220	
242.226689	
242.487596	
242.617755	
242.738209	
243.011179	
243.137007	
243.263605	
243.388685	
243.516984	
243.641995	
243.766553	
244.033447	
244.183288	
244.288277	
244.548685	
244.683356	
244.803810	
245.072925	
245.200771	
245.321610	
245.455986	
245.581451	
245.716893	
245.837982	
246.100884	
246.244218	
246.359025	
246.621179	
246.870726	
247.260272	
247.386848	
