1.167687	
1.270385	
1.457959	
1.515986	
2.146077	
5.504943	
5.888435	
6.264921	
6.642404	
7.013946	
7.386372	
7.578322	
7.758707	
7.904422	
8.137710	
8.305873	
8.505918	
8.644104	
8.706712	
8.889274	
9.103220	
9.279161	
10.001701	
10.276395	
10.393560	
10.565329	
10.782608	
11.136599	
11.363288	
11.495737	
11.524422	
11.737732	
11.884603	
12.075261	
12.256644	
12.644376	
12.824830	
13.016236	
13.271791	
13.389410	
13.510567	
13.758934	
14.138685	
14.506054	
14.756712	
14.855850	
14.887710	
15.061565	
15.239751	
15.283855	
15.647710	
16.001882	
16.395261	
16.565601	
16.599184	
16.784898	
17.139161	
17.340499	
17.496259	
17.523810	
17.886871	
18.075306	
18.252744	
18.643810	
18.864671	
19.014354	
19.380590	
19.758027	
20.138639	
20.375193	
20.476100	
20.506825	
20.707574	
20.899320	
21.104308	
21.131814	
21.285556	
21.520499	
21.657619	
22.011814	
22.404853	
22.575057	
22.792789	
22.950000	
23.149773	
23.373628	
23.505351	
23.534444	
23.895283	
24.085306	
24.266803	
24.495261	
24.649841	
25.022993	
25.397347	
25.591587	
25.620227	
25.771406	
26.149864	
26.291633	
26.354308	
26.516327	
26.896395	
27.078413	
27.237075	
27.287052	
27.657891	
28.012426	
28.405193	
28.575873	
28.795193	
29.150454	
29.349592	
29.373719	
29.506893	
29.534127	
29.716531	
29.897551	
30.090771	
30.121497	
30.263628	
30.655692	
30.953243	
30.965283	
31.023401	
31.256689	
31.357188	
31.636961	
31.768209	
32.137710	
32.393492	
32.517528	
32.568322	
32.663175	
32.715147	
32.891905	
33.111927	
33.300408	
33.654535	
33.845692	
33.876553	
34.023968	
34.381542	
34.421814	
34.601134	
34.806531	
35.140816	
35.460204	
35.545646	
35.634467	
35.838594	
35.904921	
36.076712	
36.269025	
36.974535	
37.036984	
37.259501	
37.306689	
37.410703	
37.642789	
37.781497	
38.149161	
38.413696	
38.530771	
38.616032	
38.741587	
38.902608	
39.145170	
39.299433	
39.652018	
39.669955	
39.844603	
39.901429	
39.988435	
40.023878	
40.238073	
40.266712	
40.380204	
40.399297	
40.424127	
40.589955	
40.806281	
41.138481	
41.162766	
41.318095	
41.545329	
41.651134	
41.765125	
41.892290	
42.076916	
42.134558	
42.276259	
42.962812	
42.984127	
43.034104	
43.265964	
43.338639	
43.413492	
43.781973	
44.149751	
44.359161	
44.529093	
44.651927	
44.904399	
45.109660	
45.300204	
45.632404	
45.653197	
45.887392	
46.024921	
46.274308	
46.383968	
46.421905	
46.591315	
46.610703	
46.808345	
47.141859	
47.423107	
47.545714	
47.779456	
47.906168	
48.076599	
48.276916	
48.977800	
49.043946	
49.268163	
49.385941	
49.417574	
49.585351	
49.657347	
49.790522	
50.156009	
50.384966	
50.535034	
50.643039	
50.791587	
50.910023	
51.306961	
51.660431	
51.989365	
52.032948	
52.229478	
52.389229	
52.407596	
52.433628	
52.595873	
52.816463	
53.153832	
53.169320	
53.364014	
53.392971	
53.527234	
53.554195	
53.898617	
54.084717	
54.286032	
54.618005	
54.653243	
54.668073	
55.044422	
55.417234	
55.574717	
55.593107	
55.746961	
55.791293	
56.169864	
56.415329	
56.537823	
56.744649	
56.803560	
56.913878	
57.137528	
57.309977	
57.690113	
58.044853	
58.438254	
58.592698	
58.830091	
58.982902	
59.182744	
59.406236	
59.541338	
59.567143	
59.782517	
59.926463	
60.118685	
60.299093	
60.688073	
61.058617	
61.255828	
61.429955	
61.626780	
61.802336	
62.182290	
62.403991	
62.550136	
62.775510	
62.889751	
62.933560	
63.238254	
63.322290	
63.692109	
64.044830	
64.439478	
64.607891	
64.826712	
65.182358	
65.408390	
65.538889	
65.567778	
65.928844	
66.118617	
66.300159	
66.686939	
67.056644	
67.263583	
67.428254	
67.552426	
67.759002	
67.798345	
68.183288	
68.412925	
68.550068	
68.779955	
68.931451	
69.112472	
69.147619	
69.288095	
69.323878	
69.693537	
70.045850	
70.321633	
70.439524	
70.608639	
70.828844	
70.982653	
71.183719	
71.405964	
71.540499	
71.567324	
71.931043	
72.118821	
72.297664	
72.697687	
73.066236	
73.290612	
73.439728	
73.630091	
73.715102	
73.814717	
74.048231	
74.185782	
74.439660	
74.560023	
74.939932	
75.264943	
75.328821	
75.631610	
75.700385	
76.009615	
76.054150	
76.383129	
76.448254	
76.618231	
76.837120	
77.192540	
77.394671	
77.550385	
77.576259	
77.939569	
78.131474	
78.150363	
78.305488	
78.695760	
79.009569	
79.065374	
79.296599	
79.400839	
79.443084	
79.679796	
79.811701	
80.179751	
80.434762	
80.558299	
80.757029	
80.934558	
81.141905	
81.330816	
81.685533	
81.875873	
81.906190	
82.053855	
82.411859	
82.452018	
82.631701	
82.835215	
83.171678	
83.575873	
83.669297	
83.942834	
84.113401	
84.308050	
85.012721	
85.073311	
85.296440	
85.345147	
85.447324	
85.679501	
85.819410	
86.186689	
86.451610	
86.566032	
86.652540	
86.783810	
86.939184	
87.181134	
87.335283	
87.689501	
87.705034	
87.881791	
87.937914	
88.060567	
88.274830	
88.303946	
88.417166	
88.461406	
88.627528	
88.843673	
89.175238	
89.200998	
89.354898	
89.580703	
89.688821	
89.857120	
89.929252	
90.114172	
90.170680	
90.315510	
91.000204	
91.072200	
91.304308	
91.350794	
91.376644	
91.449977	
91.818798	
92.195941	
92.406304	
92.576961	
92.953628	
93.156599	
93.349184	
93.702200	
93.937891	
94.073764	
94.322902	
94.432358	
94.469887	
94.657596	
94.857120	
95.190454	
95.571565	
95.595011	
95.827211	
95.954626	
96.123764	
96.320590	
97.020159	
97.085805	
97.309955	
97.426531	
97.459252	
97.626576	
97.696009	
97.831338	
98.198435	
98.426485	
98.576803	
98.684172	
98.951383	
99.347800	
99.703265	
99.891678	
100.025238	
100.073197	
100.268390	
100.430045	
100.472880	
100.637302	
100.854717	
101.190794	
101.211542	
101.405465	
101.567075	
101.594853	
101.940091	
102.126236	
102.327347	
102.519728	
102.657959	
102.714082	
103.086395	
103.105057	
103.311723	
103.469751	
103.662404	
103.822313	
103.845873	
103.904898	
104.010907	
104.074603	
104.193560	
104.387778	
104.413537	
104.571837	
104.777619	
104.858254	
104.952426	
104.998889	
105.139297	
105.328095	
105.523923	
105.680680	
105.703492	
105.744717	
105.884580	
106.075329	
106.260023	
106.275193	
106.440612	
106.639229	
106.822086	
107.017143	
107.203197	
107.387052	
107.580431	
107.764331	
107.968594	
108.118231	
108.308753	
108.368662	
108.525079	
108.594059	
108.698435	
108.887642	
108.909569	
109.097574	
109.278254	
109.438322	
109.473152	
109.650476	
109.797914	
109.875420	
110.046689	
110.207279	
110.400068	
110.584263	
110.607687	
110.794376	
110.962268	
111.163197	
111.325986	
111.520295	
111.548073	
111.713696	
111.910091	
112.053333	
112.087120	
112.116599	
112.301723	
112.401587	
112.442789	
112.455873	
112.646961	
112.670680	
112.832766	
113.024490	
113.057574	
113.202993	
113.222676	
113.339206	
113.387347	
113.473288	
113.580884	
113.601837	
113.736349	
113.779184	
113.822902	
113.949002	
114.021202	
114.137256	
114.162177	
114.323265	
114.534512	
114.672177	
114.701995	
114.717188	
114.903447	
115.038027	
115.098866	
115.323265	
115.480023	
115.674671	
115.855669	
115.905782	
116.022154	
116.085147	
116.207619	
116.399569	
116.422540	
116.790635	
116.965170	
117.012358	
117.151134	
117.337800	
117.535102	
117.692472	
117.716485	
117.756848	
117.897302	
118.088095	
118.272426	
118.442698	
118.641905	
118.821451	
119.017052	
119.201383	
119.387619	
119.580975	
119.764989	
119.970385	
120.119206	
120.308571	
120.370023	
120.512358	
120.530816	
120.598889	
120.703741	
120.892925	
120.917098	
121.103991	
121.285283	
121.444671	
121.479320	
121.656236	
122.052041	
122.214331	
122.408934	
122.591202	
122.616984	
122.800748	
122.969433	
123.169070	
123.329048	
123.527914	
123.552630	
123.719977	
123.916667	
123.934308	
124.060499	
124.096032	
124.121814	
124.308435	
124.447483	
124.466009	
124.653628	
124.677914	
124.837959	
125.029615	
125.063855	
125.208957	
125.230000	
125.392880	
125.480612	
125.587098	
125.607823	
125.744626	
125.785442	
125.828980	
126.028571	
126.143764	
126.168186	
126.331814	
126.542676	
126.911769	
127.099592	
127.307188	
127.332585	
127.438413	
127.717098	
127.849592	
128.227052	
128.480249	
128.604104	
128.802154	
128.980431	
129.372789	
129.730249	
129.922222	
130.099546	
130.456735	
130.498685	
130.677256	
130.878254	
131.217211	
131.620658	
131.707800	
131.913129	
131.979887	
132.346939	
133.046485	
133.111156	
133.337528	
133.383333	
133.485896	
133.719138	
133.857392	
134.223628	
134.490680	
134.602290	
134.688685	
134.818209	
134.979728	
135.376553	
135.726825	
135.747710	
135.922063	
135.976122	
136.062721	
136.099796	
136.313424	
136.342381	
136.455918	
136.475102	
136.501179	
136.881905	
137.215896	
137.239773	
137.393537	
137.622132	
137.728458	
137.965760	
138.152630	
138.206780	
138.360544	
139.045510	
139.120045	
139.351701	
139.395011	
139.422925	
139.497664	
139.866122	
140.230862	
140.442562	
140.612993	
140.988866	
141.221859	
141.383243	
141.737687	
141.975805	
142.108322	
142.358050	
142.467347	
142.505011	
142.692358	
142.892132	
143.226803	
143.629909	
143.863288	
143.990499	
144.159524	
144.355442	
145.041565	
145.063039	
145.120544	
145.346757	
145.462698	
145.493311	
145.867075	
146.233447	
146.461791	
146.613288	
146.718322	
146.985896	
147.378662	
147.737937	
147.750816	
148.120476	
148.316621	
148.477256	
148.498390	
148.521043	
148.684580	
148.762358	
148.903787	
149.239025	
149.260136	
149.452404	
149.615850	
149.642290	
149.987868	
150.173810	
150.229909	
150.372517	
151.056077	
151.130839	
151.358753	
151.504989	
151.743152	
151.879274	
152.247710	
152.488685	
152.624966	
152.842177	
153.002562	
153.243537	
153.398798	
153.726168	
153.752018	
153.945170	
154.120385	
154.478050	
154.518231	
154.903583	
155.238163	
155.616145	
155.641927	
156.001088	
156.171927	
156.367823	
157.071905	
157.132472	
157.357687	
157.403243	
157.506531	
157.738141	
157.877732	
158.244059	
158.260023	
158.511474	
158.626304	
158.710408	
158.837846	
158.999615	
159.396621	
159.747891	
159.768662	
159.997755	
160.094195	
160.120794	
160.365034	
160.478503	
160.522290	
160.879569	
160.904444	
161.236961	
161.260113	
161.413923	
161.642721	
161.747483	
161.987075	
162.173900	
162.230771	
162.374671	
163.058209	
163.140862	
163.373469	
163.442313	
163.520612	
163.887664	
164.252018	
164.464218	
164.634694	
165.010204	
165.214127	
165.242336	
165.404943	
165.759048	
165.993469	
166.130113	
166.379592	
166.488730	
166.526077	
166.714036	
166.915034	
167.246236	
167.650884	
168.011678	
168.181270	
168.375692	
169.079002	
169.141882	
169.349365	
169.367642	
169.484286	
169.515283	
169.754286	
169.888730	
170.255556	
170.483356	
170.633878	
170.740385	
170.890703	
171.007755	
171.397868	
171.759796	
172.127415	
172.327098	
172.485306	
172.504717	
172.528821	
172.693152	
172.913333	
173.247166	
173.268685	
173.468413	
173.630068	
173.657778	
174.003379	
174.188435	
174.390522	
174.580000	
174.722562	
174.771905	
175.151927	
175.375351	
175.532834	
175.725828	
175.843696	
175.907687	
175.954694	
175.979116	
176.073515	
176.135533	
176.259297	
176.451927	
176.475079	
176.840952	
176.921995	
177.014943	
177.061383	
177.201293	
177.389229	
177.586939	
177.743265	
177.767347	
177.809569	
177.948322	
178.138753	
178.323492	
178.493832	
178.691791	
178.872698	
179.068912	
179.254671	
179.439887	
179.631723	
179.816417	
180.020658	
180.171542	
180.359546	
180.575215	
180.643855	
180.747823	
180.939365	
180.961247	
181.147687	
181.330045	
181.535306	
181.710363	
181.865170	
182.105941	
182.269388	
182.463741	
182.645442	
182.670045	
182.854943	
183.022041	
183.225193	
183.384966	
183.581769	
183.776122	
183.968957	
184.149252	
184.175510	
184.362358	
184.501315	
184.520385	
184.708231	
184.734150	
184.892812	
185.083515	
185.119048	
185.263515	
185.283220	
185.446961	
185.535442	
185.641519	
185.661179	
185.797959	
185.840408	
185.883039	
186.083197	
186.198118	
186.223039	
186.386667	
186.596553	
186.965079	
187.087574	
187.156168	
187.385986	
187.490658	
187.904535	
188.272313	
188.504059	
188.649751	
188.880476	
189.027234	
189.421814	
189.774853	
189.945329	
189.970862	
190.144671	
190.504444	
190.542676	
190.925193	
191.263878	
191.667347	
192.026621	
192.196009	
192.392585	
192.786893	
193.106961	
193.169161	
193.394512	
193.510499	
193.538367	
193.914104	
194.282154	
194.492812	
194.660181	
194.877438	
195.034195	
195.272313	
195.431156	
195.786780	
195.974354	
196.015442	
196.158254	
196.363628	
196.390907	
196.514830	
196.556122	
196.689048	
196.940045	
197.274762	
197.294558	
197.466032	
197.678798	
197.842721	
198.023719	
198.209887	
198.266803	
198.407755	
199.094785	
199.124444	
199.167596	
199.399410	
199.544762	
199.789728	
199.915125	
200.284331	
200.521995	
200.662177	
200.867211	
201.037370	
201.243016	
201.433061	
201.789048	
201.978141	
202.153401	
202.368798	
202.514830	
202.557937	
202.661814	
202.935782	
203.274898	
203.516440	
203.678050	
203.896485	
204.037438	
204.207075	
204.273265	
204.403356	
205.098367	
205.168254	
205.397166	
205.512154	
205.541905	
205.734150	
205.918209	
206.288503	
206.502109	
206.665850	
206.875624	
207.039501	
207.438413	
207.794036	
207.981338	
208.160862	
208.359592	
208.517664	
208.537460	
208.561293	
208.718526	
208.943061	
209.279252	
209.298503	
209.494331	
209.681723	
210.029320	
210.214308	
210.270771	
210.412676	
211.108095	
211.140363	
211.183605	
211.412336	
211.553016	
211.930907	
212.302268	
212.547460	
212.680340	
213.055261	
213.450159	
213.806236	
213.997937	
214.173469	
214.531587	
214.572608	
214.776712	
214.955079	
215.291020	
215.313878	
215.695057	
216.055147	
216.223787	
216.420272	
217.122789	
217.186009	
217.411973	
217.528073	
217.932630	
218.298912	
218.520431	
218.677710	
218.903379	
219.053537	
219.449274	
219.802041	
219.819637	
219.995714	
220.172721	
220.371156	
220.531224	
220.550748	
220.574966	
220.703537	
220.943311	
221.292018	
221.313832	
221.462063	
221.668821	
221.696145	
221.852336	
222.039546	
222.226644	
222.282630	
222.427120	
223.113673	
223.141429	
223.185057	
223.418322	
223.522721	
223.564172	
223.931315	
224.299841	
224.506916	
224.679864	
224.857642	
224.905624	
225.056259	
225.452018	
225.806735	
225.993401	
226.051202	
226.143628	
226.171633	
226.409388	
226.542222	
226.579297	
226.714898	
226.962109	
227.301587	
227.528027	
227.704649	
228.064444	
228.235306	
228.260952	
228.430408	
229.131383	
229.195896	
229.402086	
229.421111	
229.541927	
229.568866	
229.940317	
230.307551	
230.544263	
230.684830	
230.909524	
231.060884	
231.461474	
231.813560	
232.004014	
232.183810	
232.379297	
232.540000	
232.556712	
232.584580	
232.740227	
232.966213	
233.301315	
233.319683	
233.503197	
233.680612	
233.704399	
234.049569	
234.231088	
234.431043	
234.764218	
234.809637	
235.184580	
235.561837	
235.932971	
236.185896	
236.243628	
236.309955	
238.427483	
