0.169773	
0.274535	
0.369932	
0.473764	
0.570227	
0.768322	
0.967052	
1.168957	
1.367574	
1.570159	
1.668776	
1.762358	
1.868662	
1.970771	
2.068367	
2.168345	
2.369887	
2.423061	
2.471293	
2.522381	
2.568209	
2.673764	
2.767574	
2.963447	
3.166054	
3.276757	
3.362766	
3.467506	
3.568073	
3.673651	
3.768141	
3.970272	
4.168118	
4.364966	
4.564399	
4.765079	
4.871270	
4.969410	
5.017211	
5.066893	
5.118163	
5.372290	
5.465510	
5.564989	
5.671202	
5.769705	
5.870748	
5.965714	
6.070748	
6.120680	
6.170726	
6.220204	
6.270884	
6.362200	
6.469637	
6.568163	
6.770340	
6.869841	
6.965306	
7.166190	
7.271361	
7.568209	
7.767732	
7.963107	
8.067959	
8.166689	
8.266281	
8.363152	
8.463039	
8.562449	
8.763855	
8.967098	
9.076803	
9.163560	
9.270635	
9.362086	
9.564218	
9.766281	
9.865896	
9.963878	
10.062472	
10.161655	
10.363628	
10.472676	
10.559841	
10.761179	
10.871565	
10.963107	
11.160952	
11.359728	
11.460272	
11.512812	
11.565193	
11.763061	
11.868345	
11.966077	
12.068209	
12.159569	
12.267279	
12.365986	
12.464558	
12.559478	
12.866190	
13.163492	
13.360091	
13.560998	
13.669456	
13.761882	
13.958413	
14.070317	
14.158413	
14.358639	
14.562902	
14.663175	
14.758798	
14.858435	
15.158662	
15.270907	
15.469751	
15.558957	
15.664014	
15.760227	
15.956939	
16.155283	
16.259456	
16.358435	
16.465102	
16.555306	
16.658435	
16.758141	
16.864059	
17.059116	
17.154218	
17.263651	
17.359887	
17.553356	
17.761156	
17.864127	
17.957732	
18.067710	
18.155102	
18.356281	
18.460884	
18.557324	
18.660136	
18.757959	
18.862245	
18.957052	
19.155510	
19.264172	
19.354943	
19.555147	
19.752404	
19.951814	
20.060544	
20.152313	
20.263537	
20.352993	
20.550884	
20.752290	
20.948753	
21.057664	
21.149977	
21.260113	
21.349524	
21.548639	
21.661361	
21.754853	
21.861678	
21.950522	
22.058639	
22.147868	
22.350816	
22.661519	
22.750159	
22.857732	
22.949932	
23.149909	
23.261383	
23.347098	
23.460771	
23.549184	
23.660181	
23.748912	
23.949206	
24.145828	
24.258594	
24.348141	
24.448481	
24.548163	
24.654989	
24.749955	
24.849342	
24.949501	
25.053401	
25.148073	
25.255624	
25.347166	
25.450816	
25.547279	
25.652517	
25.744875	
25.949637	
26.147823	
26.346077	
26.544603	
26.659751	
26.747528	
26.944989	
27.147302	
27.344558	
27.451791	
27.543605	
27.652472	
27.743175	
27.944354	
28.055805	
28.256100	
28.345329	
28.458639	
28.546803	
28.743764	
28.947234	
29.052177	
29.143605	
29.253968	
29.341088	
29.543039	
29.737778	
29.852971	
29.941882	
30.139637	
30.341111	
30.654014	
30.741837	
30.938934	
31.140612	
31.249433	
31.450590	
31.544150	
31.745283	
31.942721	
32.342086	
32.445533	
32.537256	
32.737823	
32.846893	
32.935238	
33.043878	
33.137619	
33.248073	
33.335624	
33.450522	
33.538934	
33.637959	
33.840159	
33.937370	
34.043628	
34.132630	
34.245488	
34.338821	
34.440431	
34.543107	
34.643107	
34.740181	
34.842449	
34.937710	
35.042812	
35.138231	
35.238571	
35.443311	
35.538367	
35.644807	
35.744467	
35.843197	
35.942608	
36.037959	
36.089546	
36.251746	
36.347370	
36.451224	
36.533923	
36.731655	
37.143447	
37.337460	
37.452200	
37.537937	
37.638503	
37.734785	
37.852812	
37.941202	
38.047029	
38.138027	
38.247846	
38.339683	
38.445964	
38.532313	
38.643288	
38.736984	
38.847302	
38.936780	
39.049932	
39.134694	
39.247234	
39.338413	
39.442200	
39.534671	
39.646349	
39.732925	
39.849297	
39.936939	
40.047211	
40.134172	
40.247528	
40.336259	
40.444830	
40.533061	
40.646440	
40.734127	
40.841497	
40.934626	
41.047324	
41.134331	
41.249252	
41.336757	
41.445714	
41.536213	
41.648299	
41.728776	
41.843878	
41.937324	
42.035782	
42.134286	
42.239002	
42.334512	
42.433356	
42.534354	
42.639365	
42.734490	
42.838005	
42.931247	
43.037256	
43.132517	
43.233492	
43.330612	
43.442109	
43.536712	
43.734444	
43.844059	
43.932721	
44.039501	
44.137120	
44.243039	
44.335261	
44.438231	
44.532721	
44.644853	
44.734762	
44.842200	
44.929229	
45.040317	
45.131746	
45.240113	
45.330952	
45.439433	
45.530771	
45.637007	
45.728277	
45.842449	
45.931565	
46.039751	
46.129887	
46.241315	
46.328141	
46.438617	
46.525646	
46.640408	
46.730317	
46.841338	
46.929751	
47.038934	
47.128503	
47.240340	
47.326531	
47.441701	
47.529093	
47.641429	
47.728481	
47.838571	
47.928367	
48.038299	
48.124240	
48.240227	
48.330249	
48.426803	
48.525624	
48.627347	
48.730952	
48.830068	
48.927438	
49.031859	
49.128980	
49.227120	
49.323583	
49.431927	
49.526122	
49.627007	
49.722585	
49.830726	
49.920907	
50.124399	
50.233810	
50.322540	
50.426531	
50.522109	
50.632222	
50.725193	
50.831361	
50.923946	
51.024195	
51.124444	
51.226780	
51.323401	
51.428118	
51.528277	
51.623764	
51.721973	
51.924218	
52.121497	
52.234150	
52.327982	
52.434422	
52.521134	
52.723832	
52.828367	
52.924218	
53.021088	
53.123605	
53.227574	
53.321043	
53.523469	
53.627324	
53.675034	
53.721293	
53.822041	
53.924649	
54.123265	
54.321088	
54.421066	
54.518526	
54.626304	
54.720907	
54.823810	
54.918980	
55.122562	
55.231542	
55.319048	
55.431020	
55.521224	
55.631451	
55.717778	
55.920317	
56.023537	
56.122041	
56.171429	
56.222971	
56.276304	
56.319206	
56.426281	
56.524898	
56.623673	
56.718186	
56.818435	
56.924943	
57.019116	
57.118526	
57.222744	
57.274104	
57.321701	
57.376236	
57.421995	
57.517029	
57.622336	
57.720839	
57.924082	
58.022698	
58.117846	
58.319728	
58.425374	
58.721474	
58.917642	
59.117120	
59.319342	
59.422177	
59.519615	
59.717846	
59.917778	
60.228776	
60.316281	
60.427256	
60.514989	
60.717392	
60.920703	
61.015057	
61.117778	
61.221315	
61.317302	
61.518639	
61.626281	
61.915782	
62.315125	
62.512063	
62.617778	
62.718912	
62.825034	
62.917732	
63.022925	
63.115170	
63.220952	
63.315805	
63.416576	
63.518957	
63.622857	
63.713946	
63.915238	
64.016644	
64.114535	
64.316757	
64.512971	
64.713605	
64.915465	
65.113447	
65.314059	
65.514535	
65.715261	
65.815918	
65.912698	
66.017506	
66.111633	
66.309478	
66.618662	
66.710794	
66.915420	
67.111338	
67.214422	
67.313424	
67.413787	
67.512698	
67.618254	
67.707211	
67.911950	
68.019048	
68.217007	
68.309728	
68.412290	
68.508277	
68.709342	
68.913673	
69.017052	
69.110045	
69.218639	
69.306939	
69.416984	
69.511406	
69.710272	
69.819660	
69.909887	
70.011134	
70.111837	
70.308980	
70.510862	
70.712562	
70.806349	
70.906168	
71.109909	
71.214603	
71.506939	
71.616327	
71.710839	
71.907687	
72.209274	
72.306009	
72.409184	
72.504172	
72.706213	
72.816440	
73.018798	
73.106100	
73.211043	
73.304150	
73.503651	
73.607166	
73.707256	
73.802018	
73.906825	
74.003946	
74.103946	
74.306939	
74.416190	
74.500907	
74.703401	
74.904966	
75.103039	
75.302132	
75.402971	
75.504626	
75.613764	
75.705125	
75.809546	
75.906054	
76.005986	
76.104535	
76.203900	
76.305873	
76.408934	
76.502857	
76.700816	
76.808299	
76.901678	
77.102857	
77.301293	
77.504558	
77.607506	
77.904785	
78.102472	
78.301678	
78.505760	
78.601565	
78.700204	
78.805011	
79.098776	
79.211814	
79.410816	
79.500045	
79.607642	
79.703810	
79.898435	
79.996735	
80.101973	
80.205261	
80.300975	
80.402993	
80.497211	
80.604875	
80.699501	
80.802744	
81.005805	
81.097007	
81.201950	
81.297959	
81.497551	
81.598934	
81.702494	
81.805646	
81.899093	
82.096553	
82.299342	
82.498050	
82.699070	
82.898322	
83.003651	
83.098027	
83.205760	
83.700023	
84.098481	
84.697052	
85.093333	
85.491156	
85.892472	
86.495918	
86.897868	
87.291111	
87.892018	
88.295147	
88.495578	
