2.401156	
2.887914	
3.210045	
3.359116	
3.781610	
4.072744	
4.658662	
4.974580	
5.551247	
5.988957	
6.697143	
7.294354	
7.574943	
8.147324	
8.449070	
8.577279	
8.999841	
9.417574	
9.853197	
10.152018	
10.314082	
10.715828	
11.169478	
11.589138	
11.880907	
12.453560	
12.581497	
12.897392	
13.300930	
13.588118	
13.748912	
14.180000	
14.301043	
14.602041	
15.011088	
15.293220	
15.858322	
16.424195	
16.699229	
16.995896	
17.575238	
17.853447	
18.195692	
18.302200	
18.422744	
18.720295	
19.266145	
19.402245	
19.988934	
20.089660	
20.376644	
20.942336	
21.234104	
21.372698	
21.659274	
21.793537	
22.085986	
22.213605	
22.627143	
23.471247	
23.745873	
24.053764	
24.311769	
24.599887	
24.737732	
24.882721	
25.028776	
25.160136	
25.442880	
25.742744	
25.992857	
26.399070	
26.804626	
27.092721	
27.234240	
27.355397	
27.647098	
28.047370	
28.473878	
28.748367	
29.024036	
29.305034	
29.841270	
30.126871	
30.383560	
30.508866	
30.647642	
30.912925	
31.557937	
31.729751	
32.531315	
32.814558	
33.978503	
34.102766	
34.253605	
34.811519	
34.944853	
35.102449	
35.397891	
36.003583	
36.284376	
36.586916	
36.873651	
37.456327	
37.586190	
37.737800	
38.173651	
38.301859	
38.421406	
38.878050	
39.187506	
39.466372	
40.068753	
40.368095	
40.950567	
41.106417	
41.258594	
41.670249	
41.822290	
42.111429	
42.402993	
42.668617	
42.971723	
43.248322	
43.515601	
43.806644	
44.110499	
44.673220	
44.981224	
45.256667	
45.548912	
45.838005	
46.105964	
46.394966	
46.691451	
46.996145	
47.122653	
47.253583	
47.542834	
47.958095	
48.498844	
49.212018	
50.716372	
51.620454	
52.371088	
52.544717	
52.862766	
53.164467	
53.317029	
53.477143	
53.798299	
53.934082	
54.251610	
54.412358	
54.690839	
55.003741	
55.244036	
55.271746	
55.303152	
55.930340	
56.068730	
56.230703	
56.539410	
56.677460	
56.837188	
56.985057	
57.126689	
57.450612	
57.726304	
57.861723	
58.017755	
58.316689	
58.607007	
58.890635	
59.197324	
59.481429	
59.800476	
60.393197	
60.672358	
61.557029	
62.157982	
62.784354	
63.339206	
63.634535	
63.927098	
64.245442	
64.835420	
65.126327	
65.424308	
65.738254	
66.040952	
66.627687	
66.772812	
66.905760	
67.211995	
67.508005	
67.805193	
68.408027	
68.546372	
68.701179	
69.292336	
69.587891	
69.874354	
70.187483	
70.500590	
71.095193	
71.402041	
71.999887	
72.286259	
72.593424	
72.889932	
73.190862	
73.628685	
74.079569	
74.663061	
74.965102	
75.397302	
75.539456	
75.838118	
76.423447	
76.721610	
77.019161	
77.309955	
77.611723	
78.495374	
79.342358	
80.751633	
81.131542	
81.741519	
81.945533	
82.569456	
82.805261	
83.121587	
83.416621	
83.689388	
83.818980	
84.027256	
84.515873	
85.109819	
85.163311	
85.239524	
85.385329	
86.224490	
86.516100	
86.976599	
87.090113	
87.693175	
87.868730	
87.916644	
88.551905	
88.717302	
88.799388	
89.443515	
89.564218	
89.662290	
89.976236	
90.252789	
90.532925	
90.851134	
91.352857	
91.932313	
91.993605	
92.093152	
92.210816	
92.741338	
92.910680	
93.050499	
93.339705	
93.907800	
94.489206	
94.781315	
95.101678	
95.680884	
96.014422	
96.530000	
96.832109	
97.097143	
97.378481	
97.498821	
97.647800	
97.933968	
98.233129	
98.529977	
99.071066	
99.316100	
99.391610	
99.894172	
100.210522	
100.713265	
101.013810	
101.282971	
101.592653	
102.152222	
102.480635	
103.036780	
103.328435	
103.593696	
103.874422	
104.151905	
104.274853	
104.429138	
104.705828	
105.010544	
105.868639	
106.418118	
106.720045	
107.025714	
107.449161	
107.550839	
107.831587	
108.106417	
108.965329	
109.231111	
109.788889	
110.069977	
110.346599	
110.878231	
111.157914	
111.429819	
111.702562	
113.046190	
113.302109	
113.419002	
113.578821	
113.643084	
114.084422	
114.134921	
115.042041	
115.615828	
115.916463	
116.212812	
116.547460	
116.986712	
117.084331	
118.060091	
120.597211	
123.460839	
123.735306	
124.400204	
125.804263	
126.104921	
127.197143	
127.993061	
