0.035125	
0.134104	
0.423900	
0.656100	
0.771950	
0.899615	
1.155283	
1.282789	
1.407891	
1.701542	
1.926440	
2.183379	
2.710907	
2.838571	
2.949161	
3.233401	
3.349388	
3.458685	
3.716236	
3.976621	
4.238707	
4.527007	
4.760068	
4.875896	
4.900590	
5.005329	
5.259093	
5.284989	
5.508685	
5.794875	
6.026372	
6.287551	
6.814807	
6.942381	
7.053175	
7.337234	
7.453265	
7.562766	
7.832404	
8.080408	
8.336735	
8.630635	
8.863946	
8.979773	
9.103129	
9.363061	
9.490658	
9.612154	
9.891995	
10.106689	
10.368299	
10.895578	
11.023605	
11.133719	
11.418458	
11.534626	
11.638685	
11.901406	
12.161111	
12.417551	
12.942517	
13.057982	
13.085850	
13.185533	
13.441927	
13.469456	
13.693039	
13.979977	
14.210612	
14.473129	
14.997120	
15.124580	
15.237732	
15.519660	
15.635918	
15.742789	
15.783787	
16.017483	
16.260567	
16.522608	
16.689592	
16.935465	
17.286916	
17.793651	
17.860204	
18.073741	
18.312812	
18.570930	
19.084966	
19.337551	
19.742222	
19.846871	
19.880998	
19.911020	
20.106236	
20.289252	
20.365079	
20.626372	
21.186281	
21.290998	
21.390181	
21.673583	
21.896463	
21.935964	
22.180295	
22.415714	
22.675193	
23.203084	
23.281837	
23.441202	
23.701995	
23.766871	
23.806848	
23.954580	
23.992177	
24.051338	
24.468980	
24.565828	
24.726054	
25.016599	
25.232812	
25.402857	
25.490476	
25.949478	
25.998503	
26.220204	
26.275442	
26.519728	
26.779184	
27.235102	
27.291066	
27.547188	
27.844580	
28.052653	
28.089297	
28.312177	
28.573424	
28.829116	
29.095351	
29.342540	
29.369637	
29.424580	
29.879524	
30.103265	
30.370045	
30.387596	
30.623220	
30.877528	
31.407574	
31.442766	
31.534286	
31.558254	
31.645465	
31.780431	
31.906032	
31.989501	
32.580884	
32.610884	
33.188776	
33.482290	
33.698005	
34.206848	
34.483741	
34.722154	
34.984172	
35.508413	
35.579660	
35.746122	
35.859002	
36.054921	
36.148957	
36.528912	
36.673152	
36.776032	
37.034172	
37.557370	
37.651020	
37.801315	
38.085102	
38.305941	
38.826100	
39.085193	
39.618095	
39.852245	
40.055261	
40.359819	
40.395261	
40.578571	
40.626848	
40.877755	
41.006077	
41.058141	
41.137415	
41.424785	
41.490658	
41.651338	
41.901814	
42.690091	
42.929252	
43.190522	
43.723265	
43.834240	
43.956825	
44.040385	
44.205125	
44.234807	
44.460091	
44.499819	
44.723605	
44.980544	
45.176757	
45.240068	
45.550998	
45.887868	
46.007052	
46.288889	
46.513084	
47.033333	
47.290159	
48.054218	
48.179773	
48.283605	
48.419229	
48.525601	
48.600136	
48.829932	
48.979206	
49.081769	
49.344082	
49.977460	
50.108141	
50.359796	
50.618209	
50.871950	
51.131429	
51.394218	
51.888503	
52.030839	
52.159025	
52.417392	
52.659161	
52.925510	
53.186871	
53.443787	
54.078730	
54.112154	
54.210884	
54.458141	
54.718866	
54.975306	
55.009184	
55.235283	
55.493651	
55.957619	
56.133039	
56.263333	
56.515011	
56.728980	
56.772404	
57.026508	
57.191451	
57.219546	
57.285420	
57.547052	
58.039887	
58.183515	
58.237234	
58.267710	
58.313197	
58.559320	
58.823515	
59.078730	
59.108776	
59.338481	
59.597188	
60.011882	
60.116349	
60.235351	
60.310952	
60.363515	
60.569184	
60.613537	
60.868322	
61.130454	
61.389841	
61.647755	
62.140068	
62.174603	
62.290998	
62.317800	
62.417256	
62.669456	
62.917029	
63.180113	
63.214082	
63.442086	
63.700385	
64.304785	
64.466531	
64.701179	
64.952313	
64.978277	
65.229955	
65.493129	
65.749615	
66.003968	
66.054082	
66.108639	
66.363152	
66.517937	
66.766871	
67.026440	
67.284195	
67.304898	
67.542540	
67.803900	
68.065374	
68.166032	
68.413583	
68.570317	
68.824875	
69.332041	
69.593696	
69.854150	
70.196508	
70.273401	
70.309048	
70.465760	
70.487279	
70.619116	
70.866281	
71.384717	
71.647256	
71.795669	
71.903878	
72.528299	
72.671224	
72.924467	
73.180590	
73.440544	
73.696712	
73.954921	
74.282993	
74.574127	
74.723515	
74.969206	
75.214127	
75.484104	
75.510975	
75.747324	
76.007664	
76.263061	
76.329184	
76.442086	
76.628141	
76.773311	
77.023447	
77.281293	
77.543855	
77.799297	
78.057596	
78.313832	
78.425782	
78.492971	
78.534059	
78.673605	
78.825057	
79.080000	
79.587075	
79.850363	
80.002154	
80.111066	
80.381678	
80.454989	
80.489615	
80.578095	
80.733764	
80.913197	
81.159410	
81.417007	
81.654195	
81.903401	
82.160635	
82.586213	
82.924603	
83.385760	
83.433878	
83.707347	
83.952540	
84.214195	
84.512109	
84.687234	
84.733084	
84.980590	
85.225646	
85.336780	
85.485193	
85.532993	
85.565147	
85.744785	
86.001474	
86.264444	
86.780884	
86.928912	
87.029796	
87.311043	
87.534966	
87.580975	
87.736485	
87.818821	
88.057506	
88.312336	
88.817029	
89.079456	
89.353628	
89.587460	
89.623061	
89.636077	
89.834195	
90.004331	
90.105760	
90.364422	
90.806054	
90.843447	
91.130136	
91.622290	
91.847392	
91.913424	
92.155646	
92.416712	
92.808866	
92.876349	
93.181655	
93.469410	
93.690295	
93.726122	
93.952154	
94.208889	
94.467959	
94.727823	
95.007188	
95.134694	
95.234807	
95.517710	
95.654104	
95.792449	
95.996576	
96.026417	
96.260340	
96.520839	
97.049274	
97.178481	
97.196916	
97.264671	
97.285646	
97.425079	
97.522336	
97.578413	
97.605692	
97.630839	
98.226463	
98.341270	
98.570431	
98.829093	
99.121746	
99.335215	
99.843492	
100.121338	
100.360862	
100.621247	
101.219683	
101.496349	
101.693537	
101.788050	
102.156463	
102.171859	
102.312834	
102.412925	
102.673696	
103.193946	
103.291020	
103.440567	
103.721927	
104.464444	
104.721020	
105.256553	
105.489773	
105.694603	
105.997460	
106.039320	
106.228050	
106.263265	
106.514263	
106.646032	
106.699660	
106.773741	
107.067052	
107.130408	
107.291406	
107.538707	
108.331111	
108.565873	
108.827483	
109.360272	
109.399955	
109.473810	
109.592494	
109.678458	
109.844807	
109.873016	
110.095488	
110.137052	
110.361179	
110.616576	
110.815828	
110.877211	
111.187823	
111.403311	
111.530227	
111.644807	
111.747007	
111.927664	
112.670680	
112.927574	
113.660340	
113.691519	
113.834286	
113.930340	
114.057528	
114.174603	
114.249501	
114.422154	
114.469116	
114.587483	
114.612902	
114.719433	
114.981270	
115.400249	
115.601678	
115.747324	
115.996848	
116.255306	
116.510363	
116.767778	
117.030884	
117.529229	
117.609546	
117.668889	
117.795714	
118.057914	
118.141202	
118.297302	
118.563265	
118.823537	
119.081043	
119.717596	
119.847075	
120.095737	
120.353764	
120.612336	
120.643719	
120.835624	
120.872313	
121.130680	
121.485170	
121.594036	
121.769569	
121.900567	
122.156372	
122.370794	
122.408753	
122.662744	
122.860544	
122.922744	
123.184014	
123.679206	
123.820680	
123.869297	
123.899229	
123.950045	
124.196190	
124.448186	
124.714830	
124.741587	
124.975397	
125.234490	
125.651701	
125.757279	
125.872358	
125.944989	
126.000975	
126.209569	
126.249524	
126.498503	
126.766304	
127.026621	
127.285805	
127.779615	
127.818141	
127.927234	
127.956145	
128.054444	
128.305011	
128.540385	
128.821293	
128.857415	
129.079048	
129.337914	
129.945533	
130.103810	
130.345737	
130.612744	
130.866780	
131.129524	
131.386984	
131.637914	
131.695329	
131.747188	
132.003107	
132.154104	
132.407528	
132.663696	
132.926100	
133.179478	
133.440000	
133.704580	
133.808231	
133.884989	
134.050454	
134.206916	
134.442200	
134.463084	
134.710249	
134.974218	
135.230363	
135.490998	
135.844354	
135.944331	
136.104218	
136.127823	
136.257528	
136.508617	
136.769002	
137.019161	
137.050385	
137.284036	
137.540227	
137.870408	
138.167098	
138.307868	
138.561723	
138.816848	
139.072245	
139.099796	
139.333560	
139.591814	
139.915510	
140.213424	
140.360385	
140.610771	
140.872585	
141.123129	
141.149433	
141.383968	
141.644649	
141.901247	
141.969796	
142.081905	
142.120975	
142.267370	
142.409592	
142.661156	
143.179705	
143.437234	
143.694444	
143.955669	
144.065170	
144.130658	
144.169320	
144.313719	
144.462426	
144.719048	
145.229773	
145.254240	
145.487075	
145.747846	
146.029342	
146.094558	
146.127823	
146.215941	
146.373583	
146.513333	
146.776576	
147.020794	
147.191497	
147.307188	
147.346576	
147.534898	
147.680998	
147.796190	
148.273946	
148.306190	
148.561610	
148.834535	
149.007914	
149.071882	
149.230522	
149.349274	
149.467596	
149.588322	
149.739592	
149.851429	
150.336168	
150.367370	
150.502653	
150.617528	
150.901542	
151.072857	
151.120748	
151.148526	
151.298231	
151.398753	
151.516349	
151.638118	
151.899388	
152.428662	
152.665488	
152.921814	
152.945170	
153.111293	
153.171587	
153.198957	
153.334603	
153.458662	
153.581723	
153.692902	
153.844830	
153.949410	
154.489660	
154.970884	
155.229433	
155.481905	
155.742404	
156.001406	
156.137868	
156.420091	
156.765873	
157.264785	
157.342086	
157.555828	
157.794036	
158.053787	
158.540272	
158.573107	
158.819932	
159.090136	
159.326508	
159.367710	
159.588980	
159.803311	
159.847642	
160.030862	
160.384082	
160.772018	
160.804603	
160.832562	
160.864898	
161.381043	
161.661406	
161.896916	
162.157755	
162.697347	
162.751088	
162.924218	
163.092313	
163.428503	
163.452562	
163.944989	
164.206984	
164.495964	
164.663628	
164.972018	
165.481156	
165.756009	
165.997188	
166.255896	
166.631655	
166.680023	
167.022721	
167.341497	
167.530385	
167.571156	
167.712336	
167.739751	
167.791066	
168.049410	
168.308866	
168.745918	
168.915692	
168.945941	
169.075828	
169.577914	
169.854558	
170.101542	
170.360204	
170.887755	
170.926190	
171.015034	
171.040907	
171.123923	
171.250794	
171.358481	
171.493288	
171.597664	
171.672517	
171.899683	
172.049025	
172.152834	
172.372041	
172.409864	
172.837188	
173.035941	
173.075283	
173.175941	
173.431406	
173.687007	
173.942063	
174.202132	
174.461973	
174.964036	
175.101859	
175.226667	
175.491361	
175.730590	
175.994104	
176.251655	
176.514399	
177.150476	
177.280658	
177.491927	
177.529546	
177.791066	
178.042585	
178.079274	
178.269977	
178.307234	
178.564240	
179.028639	
179.200113	
179.329388	
179.588639	
179.804014	
179.840567	
180.093401	
180.149274	
180.267528	
180.290975	
180.356757	
180.614354	
181.113424	
181.252109	
181.304898	
181.332880	
181.382290	
181.633855	
181.888889	
182.146259	
182.178005	
182.404739	
182.668163	
183.083447	
183.191020	
183.303356	
183.378390	
183.434104	
183.641769	
183.682834	
183.940340	
184.199184	
184.460499	
184.718231	
185.213878	
185.250068	
185.386893	
185.484172	
185.741791	
185.991769	
186.246508	
186.283651	
186.508798	
186.767959	
187.380181	
187.537506	
187.788617	
188.041270	
188.297868	
188.559977	
188.820816	
189.126848	
189.181859	
189.430884	
189.454943	
189.586984	
189.840068	
190.101134	
190.352018	
190.611927	
190.870884	
191.140385	
191.233243	
191.319773	
191.483878	
191.636463	
191.878549	
191.897710	
192.141066	
192.406667	
192.663855	
192.922132	
193.181474	
193.266100	
193.379955	
193.540499	
193.690476	
193.941519	
194.482041	
194.714331	
194.974558	
195.306893	
195.600544	
195.740181	
195.996848	
196.252789	
196.504444	
196.765011	
197.024558	
197.284807	
197.350567	
197.645873	
197.790726	
198.044422	
198.295329	
198.553537	
198.573084	
198.817120	
199.076735	
199.333923	
199.404240	
199.427778	
199.514785	
199.701111	
199.844444	
200.095351	
200.354082	
200.609297	
200.867166	
201.127937	
201.498934	
201.565102	
201.606168	
201.746168	
201.893719	
202.154127	
202.654603	
202.684444	
202.921247	
203.176961	
203.452698	
203.527551	
203.562585	
203.648821	
203.806599	
204.490385	
204.726100	
204.841814	
204.968367	
205.230794	
205.518095	
205.868209	
205.995283	
206.251088	
206.378685	
206.503379	
206.780091	
207.018095	
207.232154	
207.279864	
207.934875	
208.044853	
208.329819	
208.363810	
208.553288	
208.813605	
209.072222	
209.330998	
209.971723	
209.996485	
210.100590	
210.354785	
210.380159	
210.603968	
210.891043	
211.121905	
211.334082	
211.384354	
211.668458	
211.902676	
212.358844	
212.456803	
212.483016	
212.619796	
213.044308	
213.092834	
213.171814	
213.434195	
214.070340	
214.199184	
214.458299	
214.714399	
214.959410	
215.225714	
215.488798	
216.122766	
216.254830	
216.508685	
216.765669	
217.014195	
217.278639	
217.538707	
218.174150	
218.198254	
218.304195	
218.559524	
218.588934	
218.813946	
219.063197	
219.103084	
219.329546	
219.585873	
220.223832	
220.354921	
220.611950	
220.863175	
221.120385	
221.380204	
221.639433	
222.278163	
222.407732	
222.662404	
222.917098	
223.167166	
223.428639	
223.690249	
223.965034	
224.217823	
224.327392	
224.456735	
224.712608	
224.967188	
225.223311	
225.482971	
225.739524	
226.265873	
226.377460	
226.411565	
226.509297	
226.765556	
226.795011	
227.016009	
227.270975	
227.312404	
227.532676	
227.788526	
228.320522	
228.431224	
228.560680	
228.815556	
229.072472	
229.320839	
229.582494	
229.843469	
230.353741	
230.481338	
230.609728	
230.871451	
231.120612	
231.370068	
231.520454	
231.636327	
231.787460	
231.892834	
232.159569	
232.415351	
232.530975	
232.663832	
232.918821	
232.951678	
233.176803	
233.349841	
233.426961	
233.686054	
233.948118	
234.476984	
234.585261	
234.609320	
234.714444	
234.969478	
234.996871	
235.227075	
235.390385	
235.474127	
235.511247	
235.629796	
235.740431	
235.894376	
235.996667	
236.525079	
236.634331	
236.763175	
237.025125	
237.273787	
237.448050	
237.530839	
237.789841	
238.045828	
238.557120	
238.688435	
238.818526	
239.081224	
239.328503	
239.603515	
239.713152	
239.839637	
239.993741	
240.099365	
240.353356	
240.604354	
240.618526	
240.867143	
