0.187143	
0.860567	
1.307982	
1.420340	
1.760045	
1.979773	
2.091066	
2.207914	
2.430181	
2.541361	
2.660181	
2.881156	
2.991995	
3.103991	
3.420703	
3.562630	
3.759342	
3.905125	
4.013900	
4.224150	
4.458821	
4.676508	
4.912086	
5.031315	
5.364875	
5.586259	
5.691905	
5.818549	
6.035510	
6.142222	
6.269116	
6.485011	
6.596463	
6.710952	
6.823832	
6.936848	
7.049297	
7.163900	
8.066712	
8.286712	
8.517891	
8.855306	
8.914082	
8.969796	
9.416893	
9.647120	
9.870726	
10.090499	
10.316939	
10.656032	
10.715215	
10.766440	
10.993039	
11.218254	
11.445964	
11.671814	
11.895034	
12.118186	
12.348685	
12.575079	
12.797347	
13.024059	
13.359524	
13.475420	
13.586372	
13.706327	
13.814989	
14.040023	
14.148639	
14.267800	
14.379342	
14.595737	
14.828186	
15.058481	
15.280431	
15.509909	
15.730227	
15.846667	
15.960476	
16.182268	
16.407755	
16.518662	
16.628186	
16.856689	
17.083379	
17.304762	
17.529025	
17.651156	
17.760204	
17.978730	
18.213197	
18.429841	
18.662132	
18.884830	
19.116735	
19.331519	
19.562517	
19.786893	
20.017710	
20.237914	
20.466757	
20.688299	
21.027755	
21.140794	
21.363673	
21.810680	
22.039728	
22.269683	
22.491882	
22.718571	
22.942925	
23.061224	
23.170499	
23.393900	
23.619546	
23.734172	
23.839546	
24.068231	
24.293764	
24.523515	
24.739184	
24.860590	
24.971224	
25.191020	
25.417891	
25.870658	
25.980544	
26.094172	
26.320726	
26.543061	
26.656259	
26.769864	
26.881156	
26.993401	
27.221746	
27.669955	
28.007211	
28.122698	
28.233583	
28.346395	
28.796463	
29.022154	
29.477596	
29.701995	
29.928503	
30.040884	
30.153605	
30.379955	
30.605646	
30.824059	
30.936599	
31.050023	
31.277710	
31.387347	
31.506009	
31.724921	
31.838390	
31.949410	
32.157868	
32.182766	
32.400612	
32.627370	
32.738866	
32.852404	
33.082993	
33.191247	
33.308005	
33.533810	
33.643061	
33.752336	
33.983878	
34.095011	
34.210726	
34.432812	
34.539274	
34.659478	
34.886667	
34.990930	
35.111202	
35.330544	
35.441224	
35.560839	
35.762472	
35.789705	
36.007823	
36.261633	
36.344286	
36.463492	
36.689909	
36.798639	
36.913900	
37.253288	
37.363401	
37.592562	
37.816168	
38.036757	
38.146939	
38.262744	
38.488526	
38.600227	
38.716621	
38.936531	
39.048798	
39.162812	
39.395351	
39.612834	
39.837868	
39.950068	
40.062540	
40.295079	
40.404943	
40.520771	
40.855646	
40.965601	
41.194989	
41.306485	
41.420975	
41.641610	
41.869478	
42.094082	
42.204286	
42.319773	
42.429728	
42.542971	
42.655170	
42.768141	
42.994785	
43.220295	
43.332086	
43.443810	
43.675556	
43.903220	
44.127029	
44.467415	
44.577098	
44.690522	
44.805442	
45.028299	
45.258118	
45.364218	
45.474059	
45.704535	
45.929320	
46.049615	
46.268957	
46.374671	
46.498571	
46.606757	
46.723492	
46.825692	
47.058662	
47.167166	
47.275828	
47.509297	
47.731565	
47.959887	
48.071905	
48.179184	
48.409932	
48.522381	
48.632676	
48.858639	
48.974603	
49.084263	
49.308980	
49.533039	
49.872766	
49.985125	
50.103946	
50.210340	
50.431950	
50.656893	
50.884558	
51.114399	
51.337846	
51.457551	
51.569819	
51.680363	
51.789388	
51.906213	
52.016485	
52.238662	
52.467823	
52.684898	
52.914739	
53.140295	
53.263401	
53.481565	
53.585102	
53.713311	
53.819615	
54.036735	
54.261995	
54.376848	
54.487528	
54.600204	
54.715488	
54.825578	
54.941769	
55.051791	
55.163288	
55.277483	
55.389116	
55.504218	
55.616395	
55.727755	
55.841406	
56.068231	
56.519138	
56.630159	
56.744263	
56.969456	
57.194807	
57.419002	
57.641950	
57.756893	
57.872676	
58.097664	
58.323129	
58.547846	
58.772630	
58.887664	
58.998254	
59.226100	
59.451406	
59.670635	
59.780726	
59.896395	
60.124331	
60.235918	
60.351950	
60.571338	
60.684172	
60.795850	
61.026417	
61.246757	
61.471973	
61.584921	
61.698005	
61.929592	
62.154082	
62.377778	
62.489751	
62.597846	
62.829569	
62.941678	
63.056032	
63.279637	
63.383605	
63.501043	
63.609138	
63.836190	
63.946848	
64.183946	
64.284966	
64.391247	
64.497868	
64.725624	
64.835737	
64.857370	
65.086054	
65.535601	
65.759955	
65.983628	
66.098753	
66.208753	
66.438730	
66.546327	
66.661678	
66.912585	
66.990907	
67.107891	
67.338776	
67.562789	
67.895147	
68.008141	
68.239297	
68.458503	
68.683288	
68.795193	
68.908912	
69.140522	
69.249683	
69.366327	
69.590726	
69.702404	
69.809977	
70.040907	
70.152336	
70.262245	
70.495193	
71.210680	
71.392222	
71.496190	
71.724762	
71.846531	
72.291973	
72.522041	
72.749456	
72.972449	
73.201270	
73.423288	
73.541293	
73.651020	
73.874762	
74.100363	
74.319705	
74.549524	
74.774580	
74.998345	
75.219955	
75.452472	
75.671315	
75.906961	
76.122880	
76.356780	
76.577370	
76.808639	
77.023469	
77.255170	
77.478005	
77.708277	
77.824263	
77.929796	
78.158753	
78.380816	
78.718957	
78.832540	
79.055782	
79.277029	
79.508934	
79.962154	
80.182653	
80.411678	
80.634739	
80.752336	
80.863764	
81.085011	
81.312630	
81.530839	
81.760907	
81.986508	
82.216077	
82.431678	
82.552698	
82.665624	
82.881927	
83.107800	
83.222449	
83.334626	
83.561406	
83.673356	
83.786463	
83.897483	
84.012993	
84.123424	
84.234512	
84.348866	
84.461859	
84.686893	
84.914014	
85.139116	
85.361224	
85.587755	
86.265714	
86.490862	
86.717823	
87.166372	
87.279841	
87.392948	
87.618209	
87.842834	
87.953741	
88.066961	
88.179864	
88.292290	
88.406531	
88.520816	
88.629683	
88.743356	
88.855193	
88.969841	
89.081678	
89.196531	
89.420023	
89.533265	
89.643583	
89.759977	
89.870567	
89.981859	
90.093220	
90.207755	
90.323152	
90.432880	
90.544921	
90.658345	
90.771610	
90.885850	
90.999184	
91.109093	
91.223424	
91.335714	
91.445941	
91.560272	
91.674467	
91.785034	
91.897460	
92.012177	
92.126621	
92.236304	
92.350023	
92.575828	
92.686780	
92.801859	
92.912608	
93.026553	
93.138912	
93.250816	
93.364059	
93.476236	
93.699751	
93.928844	
94.153991	
94.377506	
94.489524	
94.605465	
94.828345	
94.941995	
95.054376	
95.165692	
95.280658	
95.390408	
95.504853	
95.616576	
95.732222	
95.842517	
95.954444	
96.066621	
96.180771	
96.293583	
96.407098	
96.517324	
96.632063	
96.743923	
96.853900	
96.968798	
97.081156	
97.194376	
97.305442	
97.532834	
97.644172	
97.757868	
97.984127	
98.095850	
98.208934	
98.322154	
98.434014	
98.547052	
98.658345	
98.772404	
98.885488	
99.109705	
99.338753	
99.563741	
99.785079	
100.012132	
100.463991	
100.690771	
100.911859	
101.141927	
101.369388	
102.479456	
102.573923	
