0.090703	
0.331655	
0.574331	
0.816417	
1.065102	
1.323356	
2.056757	
2.313197	
2.557324	
2.812630	
3.058753	
3.312177	
4.071927	
4.322971	
4.548277	
5.335034	
6.085624	
6.337868	
6.591451	
6.997891	
7.068571	
7.342676	
7.578662	
7.654694	
8.083061	
8.456712	
8.584580	
9.074921	
9.339819	
11.084082	
11.343469	
11.422698	
12.094898	
12.351224	
12.560113	
13.352336	
13.951088	
14.101837	
14.168209	
15.117415	
15.620567	
16.092449	
16.513424	
16.578776	
17.110227	
17.349274	
19.088934	
19.344376	
19.606644	
20.086168	
20.341769	
20.574535	
20.707052	
20.821723	
20.950703	
21.108639	
21.353673	
21.490839	
21.606077	
21.735828	
21.832381	
21.864490	
21.990000	
22.116009	
22.336213	
22.357438	
22.497098	
22.612971	
22.735556	
22.830272	
22.854943	
22.991542	
23.115692	
23.356780	
23.491361	
23.615147	
23.756054	
23.838254	
23.868866	
24.005079	
24.118889	
24.369728	
24.501859	
24.625873	
24.753855	
24.873923	
25.015102	
25.125011	
25.360181	
25.494807	
25.614014	
25.842834	
25.873968	
25.988503	
26.058186	
26.123084	
26.362766	
26.500658	
26.614807	
26.748073	
26.810544	
26.868821	
26.928073	
27.002018	
27.060703	
27.117619	
27.361429	
27.497664	
27.589637	
27.614263	
27.746621	
27.797528	
27.867347	
27.991202	
28.066463	
28.115215	
28.357914	
28.483197	
28.602880	
28.839070	
28.863991	
28.987642	
29.122222	
29.358254	
29.492086	
29.585170	
29.613107	
29.747642	
29.864966	
29.991224	
30.118186	
30.346190	
30.473424	
30.601655	
30.619887	
30.731814	
30.859683	
30.992132	
31.123265	
31.362653	
31.485488	
31.593469	
31.617256	
31.746689	
31.878685	
32.005442	
32.076281	
32.132721	
32.377642	
32.512608	
32.638798	
32.760023	
32.881361	
33.008844	
33.136372	
33.372472	
33.528934	
33.596780	
33.620091	
33.764444	
33.874422	
33.976100	
34.011723	
34.118073	
34.354240	
34.366757	
34.485465	
34.610635	
34.828050	
34.861746	
34.999161	
35.070522	
35.123379	
35.351202	
35.420249	
35.628934	
35.874875	
36.122245	
36.621361	
36.848458	
37.142993	
37.386395	
37.598481	
37.645351	
37.870612	
37.891224	
38.145170	
38.339025	
38.390975	
38.620295	
38.653356	
38.906689	
39.155170	
39.278458	
39.405102	
39.650363	
39.899546	
40.154785	
40.400476	
40.649433	
40.905215	
41.152653	
41.265941	
41.402426	
41.633492	
41.650522	
41.836780	
41.893537	
41.977891	
42.101429	
42.151497	
42.396531	
42.645533	
42.899002	
43.148844	
43.276508	
43.381746	
43.398821	
43.638526	
43.889048	
44.091293	
44.140408	
44.307007	
44.399751	
44.532766	
44.613265	
44.902653	
45.128322	
45.148571	
45.396440	
45.646667	
45.885306	
45.902766	
46.122472	
46.154626	
46.350816	
46.403968	
46.600000	
46.659070	
46.877642	
46.908367	
46.987324	
47.053469	
47.158503	
47.408209	
47.607029	
47.653175	
47.866780	
47.881293	
47.911474	
47.980499	
48.163424	
48.346735	
48.401111	
48.504898	
48.785737	
48.911769	
49.156893	
49.399592	
49.505102	
49.648549	
49.870181	
49.904580	
50.023016	
50.153696	
50.395918	
50.650612	
50.903084	
51.154580	
51.279478	
51.398730	
51.650703	
51.910113	
52.172925	
52.407755	
52.611134	
52.659433	
52.904286	
53.121270	
53.150091	
53.231179	
53.655079	
53.907029	
54.159660	
54.404739	
54.657868	
54.877460	
54.915533	
55.139478	
55.161701	
55.415397	
55.604240	
55.665556	
55.917347	
56.135828	
56.171814	
56.295782	
56.339909	
56.409320	
56.595193	
56.664150	
56.867868	
56.915147	
57.144807	
57.166825	
57.407007	
57.665964	
57.862517	
58.178889	
58.291315	
58.424785	
58.672245	
58.895397	
58.923129	
59.043810	
59.168367	
59.292336	
59.412630	
59.526032	
59.649206	
59.894490	
59.921179	
60.015986	
60.148549	
60.172472	
60.408141	
60.519138	
60.646508	
60.907710	
61.160249	
61.350317	
61.409161	
61.665510	
61.884059	
61.915442	
62.167029	
62.390952	
62.667460	
62.876939	
62.925601	
63.143855	
63.170317	
63.321202	
63.417392	
63.674286	
63.920408	
64.177188	
64.416621	
64.530023	
64.626032	
64.661020	
64.921451	
65.180658	
65.423560	
65.678866	
65.933469	
66.143991	
66.186213	
66.429229	
66.683197	
66.939184	
67.197302	
67.416848	
67.438435	
67.488299	
67.691769	
67.918186	
68.014512	
68.184399	
68.430317	
68.596122	
68.684014	
69.133968	
69.189796	
69.450884	
69.697574	
69.934603	
70.148753	
70.181497	
70.387370	
70.415828	
70.547596	
70.655601	
70.897914	
71.130340	
71.158254	
71.418209	
71.675465	
71.926621	
72.176689	
72.421927	
72.538594	
72.622132	
72.662222	
72.894308	
72.914444	
73.116984	
73.168458	
73.375261	
73.397687	
73.429002	
73.679274	
73.790703	
73.934059	
74.040703	
74.177755	
74.327415	
74.424649	
74.537687	
74.659909	
74.913560	
75.093379	
75.169161	
75.430091	
75.832063	
75.870839	
75.940748	
76.186712	
76.434444	
76.672358	
76.928821	
77.143333	
77.190227	
77.445941	
77.702585	
77.953220	
78.134263	
78.197279	
78.383447	
78.450930	
78.575147	
78.684558	
78.941179	
79.159977	
79.202290	
79.452336	
79.708549	
79.960522	
80.178707	
80.200023	
80.378594	
80.458821	
80.659116	
80.941655	
81.196735	
81.417302	
81.454331	
81.958050	
82.205850	
82.370023	
82.459524	
82.580068	
82.698345	
82.945941	
83.101587	
83.165896	
83.208912	
83.419093	
83.464444	
83.906009	
83.965601	
84.209252	
84.428571	
84.455374	
84.569728	
84.691270	
84.943923	
85.166531	
85.453175	
85.710408	
85.967800	
86.180181	
86.211519	
86.447120	
86.579070	
86.689184	
86.948707	
87.152132	
87.175034	
87.457755	
87.712063	
87.970590	
88.213810	
88.471247	
88.662404	
88.711678	
88.971633	
89.186259	
89.227528	
89.400930	
89.473016	
89.722789	
89.972608	
90.211202	
90.445760	
90.466803	
90.582653	
90.695873	
91.083016	
91.207370	
91.439138	
91.461655	
91.715805	
91.957392	
92.206259	
92.430068	
92.460204	
92.703810	
93.210317	
93.460476	
93.716190	
93.836168	
93.969524	
94.095193	
94.212245	
94.347846	
94.464694	
94.591134	
94.649728	
94.728458	
94.852404	
94.909138	
94.977755	
95.105238	
95.224059	
95.345397	
95.468435	
95.590975	
95.726576	
95.852313	
95.951451	
95.991361	
96.117846	
96.226032	
96.476259	
96.614717	
96.676576	
96.735556	
96.859773	
96.989070	
97.108254	
97.235147	
97.472426	
97.611088	
97.691111	
97.710159	
97.731519	
97.824104	
97.847914	
97.894535	
97.934059	
97.978231	
98.098345	
98.156825	
98.171020	
98.234331	
98.478390	
98.607937	
98.673741	
98.731837	
98.852971	
98.914989	
98.950998	
98.981383	
99.043741	
99.100204	
99.159297	
99.198345	
99.232132	
99.477324	
99.607687	
99.661542	
99.727098	
99.851859	
99.902358	
99.977007	
100.094649	
100.140862	
100.216780	
100.229320	
100.469615	
100.592472	
100.696848	
100.725873	
100.944694	
100.978050	
101.103152	
101.195601	
101.218662	
101.468503	
101.602834	
101.721293	
101.843084	
101.973878	
102.097982	
102.227574	
102.469116	
102.594195	
102.707596	
102.729569	
102.837392	
102.955624	
103.083447	
103.219660	
103.236621	
103.471156	
103.602653	
103.732857	
103.866077	
103.988912	
104.238662	
104.472608	
104.588209	
104.731020	
104.981270	
105.091723	
105.228141	
105.250068	
105.491950	
105.727823	
105.859660	
105.989751	
106.113628	
106.244830	
106.486531	
106.625692	
106.745397	
106.862993	
107.112018	
107.240862	
107.490181	
107.743084	
107.983447	
108.233673	
109.238662	
109.473787	
109.737211	
109.971927	
110.236236	
110.442290	
110.739909	
111.000952	
111.113764	
111.134580	
111.149410	
111.247732	
111.372562	
111.490794	
111.753741	
112.002744	
112.229388	
112.255306	
112.476032	
112.512676	
112.705329	
112.754059	
113.006259	
113.219819	
113.254399	
113.488050	
113.508390	
113.689184	
113.710839	
113.755896	
113.913832	
113.937234	
114.001859	
114.249206	
114.429320	
114.497664	
114.751882	
115.009909	
115.134490	
115.163878	
115.257891	
115.383605	
115.490159	
115.512426	
115.754059	
115.985034	
116.003810	
116.258889	
116.498050	
116.712222	
116.728798	
116.759456	
117.010862	
117.239342	
117.379184	
117.494535	
117.519025	
117.762154	
117.963311	
118.171156	
118.189524	
118.265170	
118.373197	
118.506961	
118.554535	
118.692608	
118.760590	
118.911406	
119.264286	
119.389524	
119.505170	
119.764036	
119.973991	
120.009410	
120.263855	
120.506190	
120.580907	
120.725669	
120.760227	
121.008345	
121.267551	
121.514535	
121.710295	
121.764082	
121.953515	
122.007506	
122.231995	
122.260340	
122.507574	
122.761451	
123.009751	
123.262245	
123.387642	
123.479637	
123.506417	
123.632404	
123.764490	
124.019048	
124.268526	
124.493401	
124.521270	
124.750385	
125.014376	
125.259456	
125.348390	
125.360998	
125.762200	
126.014580	
126.257574	
126.507438	
126.760567	
126.986304	
127.012426	
127.224603	
127.263900	
127.508481	
127.766440	
127.898685	
128.024807	
128.267120	
128.452449	
128.509546	
128.713401	
128.765760	
128.972585	
128.999002	
129.019070	
129.275170	
129.472449	
129.772200	
129.970249	
130.267120	
130.399637	
130.757574	
130.995351	
131.014830	
131.135397	
131.254762	
131.387732	
131.500136	
131.624354	
131.746916	
132.001927	
132.026372	
132.245556	
132.283787	
132.505578	
132.625828	
132.750748	
132.778118	
133.288685	
133.457460	
133.759229	
133.788095	
133.981973	
134.031655	
134.286281	
134.491655	
134.529977	
134.783923	
134.982154	
135.037052	
135.263968	
135.292313	
135.532721	
135.785533	
136.035306	
136.237075	
136.285306	
136.512132	
136.576259	
136.722562	
136.777642	
136.985011	
137.283220	
137.402268	
137.528390	
137.777551	
137.928254	
137.988844	
138.032086	
138.242063	
138.285669	
138.527256	
138.782449	
139.036054	
139.291293	
139.420476	
139.532880	
139.781088	
140.018798	
140.117596	
140.281723	
140.522721	
140.777959	
141.248005	
141.268866	
141.390612	
141.531723	
141.796735	
142.037619	
142.246395	
142.284717	
142.507029	
142.668662	
142.788617	
143.040295	
143.286485	
143.412789	
143.542063	
143.803696	
144.052993	
144.275918	
144.303787	
144.548526	
144.675442	
144.727415	
144.798413	
145.013628	
145.049751	
145.230544	
145.299705	
145.493673	
145.556327	
145.811383	
146.062426	
146.271406	
146.303288	
146.440726	
146.545079	
146.663016	
146.764966	
147.036576	
147.252358	
147.284308	
147.538912	
147.798866	
148.051678	
148.293787	
148.545420	
148.670023	
148.784331	
149.039093	
149.258345	
149.290499	
149.548821	
149.799138	
150.051202	
150.215510	
150.300499	
150.488345	
150.556327	
150.671474	
150.793787	
151.046281	
151.279093	
151.546939	
151.807664	
152.049683	
152.252200	
152.301814	
152.484082	
152.560295	
152.612562	
152.743991	
152.792902	
152.974444	
153.045397	
153.288549	
153.502268	
153.553537	
153.805397	
154.058481	
154.300431	
154.457846	
154.556916	
154.665850	
154.787914	
155.043311	
155.225510	
155.290317	
155.500363	
155.549660	
155.804308	
155.948753	
155.982925	
156.060952	
156.307324	
156.554853	
156.673492	
156.807574	
157.057143	
157.286644	
157.425828	
157.566372	
157.827143	
158.077937	
158.276213	
158.318458	
158.570023	
158.690499	
158.805714	
159.075624	
159.295873	
159.438118	
159.567891	
159.827256	
160.080544	
160.335034	
160.595034	
160.714014	
160.819660	
161.079615	
161.198005	
161.269365	
161.322154	
161.476644	
161.567007	
161.827823	
162.086531	
162.296644	
162.330454	
162.538934	
162.589048	
162.815147	
163.181678	
163.321383	
163.559728	
163.580454	
163.832880	
164.188367	
164.325329	
164.354376	
164.464830	
164.571293	
164.825238	
165.331746	
165.581587	
165.844762	
166.343016	
166.603152	
166.848798	
167.097120	
167.348209	
167.598458	
167.850136	
168.107982	
168.346395	
168.595782	
168.703696	
168.841270	
169.062041	
169.097710	
169.277914	
169.345669	
169.590295	
169.849977	
170.100340	
170.339297	
170.587483	
170.829342	
170.842676	
171.082653	
171.098912	
171.337642	
171.592721	
171.837982	
172.098345	
172.206349	
172.334717	
172.579365	
172.834422	
173.095873	
173.335941	
173.586122	
173.838617	
174.340408	
174.592834	
174.845692	
175.104898	
175.346939	
175.593288	
175.850272	
176.115306	
176.226259	
176.340612	
176.476032	
176.597166	
176.845465	
177.101655	
177.337596	
177.595306	
177.840930	
178.104127	
178.349048	
178.607959	
178.808571	
178.836213	
179.196236	
179.520136	
179.822313	
179.853175	
180.197211	
180.523379	
181.314989	
181.572834	
181.838776	
182.067234	
182.229592	
182.310862	
182.508594	
182.803424	
183.056712	
183.293220	
183.420249	
183.556417	
183.811429	
184.054535	
184.255397	
184.305714	
184.559229	
184.673673	
184.722857	
184.793016	
185.015986	
185.038730	
185.229025	
185.286984	
185.484240	
185.541769	
185.797664	
186.040590	
186.280680	
186.542857	
186.648662	
186.761429	
187.011519	
187.256893	
187.514558	
187.917574	
187.950476	
188.015079	
188.267732	
188.519093	
188.646372	
188.758594	
189.000930	
189.220091	
189.511859	
189.758730	
190.010635	
190.216190	
190.259274	
190.481474	
190.744218	
190.979025	
190.994603	
191.224898	
191.246621	
191.501769	
191.756440	
192.007891	
192.250862	
192.435669	
192.516485	
192.578844	
192.699388	
192.752268	
193.000068	
193.250952	
193.469184	
193.506417	
193.990091	
194.013107	
194.263424	
194.409955	
194.521973	
194.649660	
195.000839	
195.253696	
195.498685	
195.980703	
196.008073	
196.262472	
196.505102	
196.625147	
196.741474	
196.988617	
197.219705	
197.349229	
197.491542	
197.747823	
198.004354	
198.189637	
198.250272	
198.488435	
198.743016	
199.218798	
199.347959	
199.497415	
199.759433	
200.006576	
200.255238	
200.507506	
200.696327	
200.738231	
200.990272	
201.191791	
201.234943	
201.416916	
201.482925	
201.736463	
201.987460	
202.237324	
202.478481	
202.603333	
202.708934	
203.209660	
203.456100	
203.710340	
203.955941	
204.207755	
204.330454	
204.681066	
205.187392	
205.451655	
205.701043	
205.940930	
206.198163	
206.435079	
206.569728	
206.702222	
206.945147	
207.075533	
207.146644	
207.199025	
207.450952	
207.583288	
207.699478	
207.828571	
207.950499	
208.084921	
208.198821	
208.446440	
208.572200	
208.700522	
208.955306	
209.197642	
209.442698	
209.575374	
209.697075	
209.816939	
209.938912	
210.065261	
210.123832	
210.182812	
210.370975	
210.434671	
210.553855	
210.687438	
210.925601	
210.943039	
211.052063	
211.097982	
211.187324	
211.426236	
211.554739	
211.681814	
211.805624	
211.938912	
212.186077	
212.430590	
212.684671	
213.052177	
213.184308	
213.439592	
213.564354	
213.685193	
213.706961	
213.815760	
213.932222	
214.066440	
214.135147	
214.176032	
214.428707	
214.548730	
214.681837	
214.922744	
215.057664	
215.180522	
215.412925	
215.435624	
215.552041	
215.683492	
215.886984	
215.930952	
216.072177	
216.161043	
216.418050	
216.540522	
216.679070	
216.917256	
216.940816	
217.043243	
217.178980	
217.416145	
217.438821	
217.547120	
217.656259	
217.679546	
217.912109	
217.932177	
218.039433	
218.135057	
218.176032	
218.433129	
218.527687	
218.667460	
219.038526	
219.166508	
219.410295	
219.657302	
220.162608	
220.290771	
220.394376	
220.648435	
221.147937	
221.402358	
221.520272	
221.653492	
221.899433	
222.023810	
222.143220	
222.396304	
222.510907	
222.632086	
222.648571	
222.764694	
222.896259	
223.019252	
223.152925	
223.399955	
223.522109	
223.656757	
223.902132	
224.026531	
224.099070	
224.149048	
224.398594	
224.525306	
224.584150	
224.650113	
224.900181	
225.029864	
225.103991	
225.153673	
225.394127	
225.650680	
225.894580	
226.146621	
226.383016	
226.507460	
226.639683	
226.910113	
227.134558	
227.377211	
227.640567	
227.888231	
228.126236	
228.633923	
229.117551	
229.139093	
229.613288	
229.642880	
229.883197	
229.996304	
230.125805	
230.375351	
230.499955	
230.628458	
230.875692	
230.991088	
231.122721	
231.353787	
231.375601	
231.481406	
231.616508	
231.861406	
231.980023	
232.045420	
232.121701	
232.367324	
232.490748	
232.552472	
232.621995	
232.860907	
232.983265	
233.046259	
233.118753	
233.365510	
233.613991	
233.806440	
233.845986	
233.863039	
233.991293	
234.110771	
234.364694	
234.546077	
234.576644	
234.606621	
234.849252	
234.970907	
235.100476	
235.347914	
235.609615	
235.861429	
236.113469	
236.235397	
236.343787	
236.546372	
236.602993	
237.104127	
237.354150	
237.607279	
237.857460	
237.976190	
238.100068	
238.347120	
238.463923	
238.598186	
238.848095	
238.971905	
239.097642	
239.331429	
239.350363	
239.588277	
239.842494	
239.859342	
239.947868	
239.979342	
240.049456	
240.097937	
240.348934	
240.493356	
240.606599	
240.851746	
240.975850	
241.096984	
241.347279	
241.474694	
241.596372	
241.723424	
241.774014	
241.845442	
242.094694	
242.328163	
242.438571	
242.454014	
242.542902	
242.586803	
243.082132	
243.324785	
243.435079	
243.558776	
243.577438	
243.822109	
244.069864	
244.561497	
245.055102	
245.305782	
245.555442	
245.803243	
246.039615	
246.295782	
246.545011	
247.042766	
