1.152698	
1.257392	
1.299615	
1.326553	
1.357687	
1.422902	
1.477574	
1.513469	
1.540567	
1.660295	
1.720113	
1.781361	
1.826576	
1.891746	
1.944921	
1.985079	
2.004422	
2.122585	
2.228231	
2.248345	
2.303855	
2.340952	
2.380023	
2.455986	
2.502948	
2.592857	
2.646032	
2.666848	
2.719887	
2.771542	
2.793968	
2.868707	
2.942449	
3.032971	
3.079751	
3.144717	
3.185329	
3.208821	
3.255011	
3.412290	
3.498594	
3.595283	
3.627392	
3.765873	
3.889683	
3.942948	
4.073537	
4.174558	
4.313197	
4.476939	
4.601950	
4.737007	
4.878503	
5.020068	
5.042608	
5.159524	
5.294626	
5.438685	
5.577370	
5.622290	
5.719410	
5.755283	
5.857914	
5.996553	
6.136054	
6.279796	
6.421587	
6.555147	
6.719909	
6.844308	
6.978299	
7.121111	
7.152063	
7.276281	
7.404354	
7.541882	
7.682336	
7.819705	
7.963016	
8.098481	
8.239728	
8.377256	
8.428435	
8.525147	
8.662766	
8.800227	
8.961814	
9.088844	
9.218866	
9.364263	
9.508095	
9.527937	
9.646032	
9.781701	
9.924853	
10.061111	
10.108753	
10.206848	
10.339864	
10.483515	
10.624512	
10.766780	
10.873583	
10.917460	
10.944490	
10.972290	
11.377234	
11.465646	
11.759660	
11.865283	
12.116712	
12.825669	
12.864875	
13.117234	
13.149751	
13.285624	
13.707755	
13.849773	
13.992245	
14.132381	
14.270068	
14.411723	
14.548118	
14.628163	
14.666372	
14.693878	
14.833787	
14.969796	
15.108980	
15.249887	
15.391338	
15.529478	
15.628889	
15.672857	
15.806077	
15.953583	
16.096712	
16.228050	
16.371973	
16.510884	
16.654785	
16.792018	
16.930136	
17.067302	
17.175782	
17.353855	
17.606689	
17.635238	
17.771927	
17.913605	
18.076735	
18.194331	
18.340091	
18.451043	
18.611111	
18.754263	
18.898027	
19.034558	
19.115692	
19.143900	
19.316236	
19.458980	
19.594921	
19.733968	
19.878005	
20.014399	
20.159388	
20.436599	
20.657619	
20.998707	
21.277574	
21.418889	
21.558639	
21.700431	
21.795329	
21.837596	
22.119955	
22.257234	
22.399365	
22.440907	
22.678844	
22.822925	
22.964422	
23.099252	
23.239615	
23.378685	
23.521202	
23.662177	
23.802063	
23.942540	
24.081066	
24.217868	
24.364989	
24.500952	
24.641451	
24.780340	
24.922086	
25.066644	
25.201179	
25.348095	
25.485510	
25.626735	
25.764354	
25.905147	
26.013469	
26.042880	
26.126871	
26.324490	
26.607528	
26.744172	
26.885578	
27.164512	
27.308322	
27.400839	
27.449887	
27.725873	
27.869093	
28.008776	
28.152041	
28.231519	
28.289116	
28.429705	
28.568889	
28.709025	
28.847891	
28.986054	
29.129796	
29.265147	
29.408821	
29.553832	
29.687460	
29.831134	
29.968050	
30.112268	
30.251088	
30.471769	
30.504558	
30.530363	
30.672766	
30.774807	
30.811315	
31.094331	
31.229955	
31.369796	
31.500635	
31.651043	
31.795873	
31.937188	
32.073651	
32.213605	
32.492902	
32.713265	
32.772721	
32.914444	
33.055147	
33.334943	
33.471950	
33.615578	
33.750930	
33.896667	
34.041746	
34.171973	
34.315850	
34.453968	
34.597642	
34.738594	
34.816463	
34.874150	
35.017687	
35.158549	
35.248844	
35.327415	
35.576825	
35.716349	
35.856599	
35.988345	
36.043356	
36.138050	
36.283719	
36.422200	
36.561474	
36.655578	
36.701995	
36.980295	
37.165986	
37.257574	
37.402109	
37.541202	
37.674467	
37.821837	
37.958821	
38.101701	
38.233016	
38.284966	
38.381406	
38.526576	
38.658299	
38.807234	
38.941927	
39.087596	
39.222449	
39.406576	
39.502336	
39.643333	
39.744036	
39.783673	
40.062676	
40.201247	
40.344331	
40.475079	
40.527914	
40.624921	
40.768458	
40.910385	
40.956259	
41.189274	
41.333719	
41.464739	
41.606259	
41.652336	
41.745193	
42.025329	
42.164603	
42.308776	
42.446281	
42.587211	
42.726463	
42.768821	
42.865941	
43.144399	
43.290045	
43.328866	
43.342426	
43.428662	
43.708390	
43.744014	
43.874444	
43.988118	
44.265374	
44.551383	
44.828118	
45.109093	
45.395102	
45.670431	
45.953651	
46.129002	
46.229093	
46.511837	
46.694989	
46.795351	
46.931270	
47.075147	
47.353560	
47.503900	
47.629819	
47.772290	
47.808005	
47.877347	
47.913968	
48.124195	
48.337211	
48.374376	
48.465714	
48.750249	
48.932041	
49.037392	
49.174127	
49.311429	
49.461224	
49.483152	
49.595669	
49.879252	
50.017392	
50.157823	
50.433923	
50.614172	
50.681882	
50.714943	
50.835057	
50.998118	
51.146190	
51.181973	
51.256485	
51.282744	
51.416372	
51.558231	
51.703968	
51.738141	
51.767551	
51.840431	
52.115488	
52.260476	
52.297075	
52.399048	
52.683469	
52.734467	
53.240703	
53.419342	
53.523741	
53.659796	
53.798639	
54.081655	
54.228481	
54.364739	
54.505420	
54.554943	
54.643787	
54.924082	
55.099388	
55.202857	
55.482925	
55.667664	
55.767211	
55.902902	
56.048141	
56.194626	
56.217619	
56.322766	
56.602063	
56.731791	
57.167460	
57.311565	
57.343719	
57.438549	
57.727302	
58.007574	
58.180680	
58.284739	
58.457982	
58.566848	
58.852766	
58.990680	
59.041519	
59.095986	
59.128503	
59.411610	
59.585850	
59.675850	
59.894830	
59.967211	
60.152222	
60.252494	
60.388027	
60.531950	
60.706667	
60.811293	
60.960612	
61.087211	
61.233810	
61.267528	
61.371973	
61.529683	
61.653379	
61.790000	
61.832063	
61.926757	
62.028277	
62.583560	
62.774671	
62.803424	
63.053107	
63.339342	
63.613968	
63.894082	
64.170363	
64.316576	
64.451769	
64.600975	
64.736100	
64.875125	
65.018685	
65.160862	
65.296599	
65.444671	
65.575374	
65.732041	
65.855896	
66.014535	
66.138231	
66.414444	
66.700544	
66.978390	
67.117279	
67.259977	
67.410159	
67.538231	
67.688889	
67.824694	
67.963605	
68.098934	
68.381429	
68.526054	
68.646576	
68.804308	
68.941859	
69.087574	
69.220295	
69.361723	
69.477347	
69.501497	
69.566417	
69.646984	
69.757959	
69.784331	
70.206054	
70.342698	
70.623379	
70.893311	
71.179524	
71.213832	
71.467551	
71.580181	
71.603764	
71.642290	
72.024580	
72.169773	
72.310816	
72.453492	
72.586939	
72.730590	
72.811542	
72.862653	
73.145465	
73.427868	
73.708776	
73.846145	
73.990091	
74.270454	
74.416077	
74.545828	
74.685964	
74.703810	
74.828254	
74.977370	
75.111587	
75.255556	
75.391655	
75.529841	
75.588277	
75.667982	
75.813764	
75.841202	
75.954127	
76.091361	
76.231882	
76.369388	
76.511701	
76.657959	
76.774875	
76.796599	
76.996190	
77.073084	
77.216236	
77.354014	
77.633605	
77.913039	
78.053447	
78.195261	
78.333084	
78.477029	
78.643469	
78.755147	
78.901429	
79.031859	
79.314082	
79.594898	
79.878322	
80.020612	
80.155896	
80.189138	
80.440091	
80.575556	
80.717506	
80.998866	
81.283265	
81.404150	
81.424127	
81.558118	
81.702630	
81.838889	
82.067664	
82.118980	
82.399615	
82.512086	
82.554286	
82.681678	
82.818209	
82.961338	
83.101088	
83.239751	
83.386848	
83.519070	
83.664830	
83.801043	
83.947347	
84.081950	
84.318889	
84.365306	
84.505601	
84.594150	
84.641542	
84.877710	
84.925011	
85.026984	
85.064195	
85.172789	
85.203855	
85.485034	
85.628503	
85.768299	
85.901905	
86.044036	
86.190998	
86.324014	
86.606667	
86.884694	
87.166712	
87.305011	
87.447823	
87.574014	
87.593197	
87.724444	
87.871701	
88.005238	
88.151134	
88.289252	
88.433787	
88.568458	
88.795964	
88.848141	
88.991247	
89.113107	
89.126825	
89.410816	
89.548073	
89.689116	
89.969002	
90.108866	
90.256667	
90.531020	
90.671156	
90.780385	
90.812381	
91.091451	
91.371338	
91.507868	
91.652358	
91.790952	
91.886599	
92.213469	
92.356032	
92.489819	
92.635669	
92.771542	
92.922721	
93.055170	
93.194898	
93.255669	
93.335488	
93.479229	
93.613469	
93.894263	
94.033288	
94.176576	
94.359569	
94.455646	
94.601587	
94.742109	
94.878163	
94.987029	
95.018912	
95.084807	
95.298163	
95.380771	
95.577098	
95.858617	
96.139093	
96.277506	
96.421179	
96.552494	
96.601451	
96.700522	
96.843333	
96.976417	
97.091859	
97.134535	
97.208367	
97.259819	
97.405329	
97.541859	
97.724898	
97.821156	
97.973039	
98.096871	
98.380045	
98.519615	
98.662834	
98.793651	
98.848118	
98.942268	
99.086712	
99.214399	
99.374014	
99.507098	
99.652426	
99.782721	
99.968231	
100.063243	
100.342993	
100.577483	
100.626168	
100.764467	
100.905261	
100.997052	
101.184943	
101.445805	
101.592834	
101.645261	
101.659184	
101.745896	
102.026712	
102.191973	
102.306259	
102.583878	
102.867664	
103.146032	
103.314762	
103.426984	
103.712109	
103.855397	
103.900590	
103.988481	
104.268571	
104.347528	
104.365941	
104.539864	
104.829320	
105.011315	
105.112540	
105.249433	
105.392925	
105.565351	
105.670816	
105.821950	
105.948095	
106.095646	
106.129728	
106.186395	
106.229184	
106.387642	
106.430431	
106.511927	
106.651769	
106.691383	
106.789932	
107.069819	
107.248934	
107.355465	
107.490454	
107.618027	
107.630567	
107.773039	
107.800522	
107.914127	
108.197868	
108.336553	
108.387460	
108.475283	
108.717891	
108.757211	
108.932426	
109.028345	
109.194104	
109.316304	
109.497166	
109.571497	
109.597483	
109.734966	
109.863878	
110.019501	
110.044467	
110.158254	
110.432902	
110.576213	
110.611633	
110.717438	
110.999796	
111.035283	
111.559456	
111.737959	
111.842041	
111.979229	
112.117075	
112.259320	
112.287551	
112.400658	
112.684943	
112.819751	
112.873832	
112.962063	
113.241723	
113.419705	
113.519138	
113.801791	
114.085011	
114.220816	
114.349569	
114.509683	
114.618662	
114.638571	
114.919796	
115.043878	
115.203855	
115.484376	
115.662902	
115.760181	
116.043923	
116.077574	
116.326463	
116.464354	
116.603311	
116.762404	
116.885533	
117.170363	
117.312018	
117.341224	
117.381701	
117.726757	
117.905034	
117.998209	
118.286803	
118.470930	
118.570499	
118.706395	
118.849773	
118.991406	
119.129297	
119.405873	
119.549977	
119.587551	
119.688118	
119.719478	
119.970612	
120.118163	
120.150454	
120.247392	
120.383832	
120.527143	
120.813673	
120.906259	
121.089365	
121.117098	
121.258889	
121.371769	
121.657891	
121.845170	
121.933560	
122.213107	
122.390975	
122.487506	
122.640363	
122.773673	
122.928435	
122.955193	
123.054739	
123.194104	
123.222449	
123.335193	
123.487415	
123.614399	
123.763991	
123.892653	
124.039955	
124.175873	
124.457188	
124.623424	
124.733923	
125.013492	
125.722880	
125.857868	
126.027891	
126.280884	
126.332517	
126.418571	
126.698912	
126.842177	
126.876599	
126.980113	
127.132902	
127.260476	
127.412630	
127.442585	
127.542789	
127.681088	
127.964172	
128.102585	
128.253878	
128.272630	
128.532041	
128.661020	
128.942358	
129.122086	
129.221338	
129.372812	
129.504853	
129.625442	
129.681224	
129.784853	
129.921655	
130.061565	
130.211837	
130.344649	
130.606485	
130.627143	
130.767188	
130.818005	
130.905283	
131.183673	
131.357868	
131.462676	
131.746961	
131.928413	
132.027982	
132.165601	
132.265714	
132.309002	
132.459410	
132.588753	
132.746372	
133.147324	
133.427868	
133.605714	
133.703061	
133.988707	
134.270249	
134.408186	
134.547642	
134.692290	
134.830159	
135.113197	
135.213492	
135.392290	
135.671361	
135.847324	
135.908685	
135.949501	
136.232789	
136.374671	
136.414694	
136.517234	
136.651156	
136.796168	
136.936190	
137.075306	
137.220317	
137.351134	
137.633560	
137.916372	
138.064921	
138.094671	
138.190113	
138.475306	
138.649819	
138.755170	
138.894671	
139.034830	
139.185782	
139.316190	
139.601270	
139.739501	
139.789909	
139.879478	
140.024376	
140.157234	
140.328957	
140.429751	
140.585964	
140.718163	
140.898730	
140.962562	
141.000703	
141.137823	
141.263061	
141.281723	
141.422517	
141.559637	
141.835420	
141.982404	
142.120794	
142.278413	
142.397120	
142.543379	
142.580204	
142.679819	
142.829138	
142.959977	
143.224921	
143.519433	
143.649705	
143.675283	
143.799864	
144.361633	
144.644649	
144.919864	
145.066100	
145.204127	
145.350816	
145.485964	
145.624490	
145.766168	
145.906848	
146.045714	
146.188503	
146.323379	
146.473311	
146.606712	
146.886145	
147.029683	
147.164444	
147.406395	
147.445283	
147.642585	
147.718277	
148.002653	
148.134172	
148.288639	
148.846508	
148.993288	
149.130907	
149.403492	
149.551973	
149.691179	
149.836281	
149.969955	
150.108141	
150.130862	
150.224059	
150.251769	
150.370476	
150.531111	
150.812925	
150.961020	
151.091134	
151.374399	
151.634875	
151.652630	
151.930340	
152.349751	
152.380884	
152.773810	
153.053900	
153.204240	
153.335147	
153.614898	
153.843991	
153.888322	
154.033583	
154.176485	
154.462177	
154.593628	
154.880204	
155.017302	
155.176644	
155.298571	
155.440998	
155.574649	
155.698005	
155.859977	
155.938277	
155.977415	
156.136757	
156.212698	
156.381882	
156.419615	
156.470091	
156.650431	
156.704490	
156.727823	
156.837914	
156.871247	
156.989728	
157.129048	
157.260204	
157.376825	
157.541383	
157.683197	
157.821474	
158.101882	
158.301995	
158.347075	
158.378231	
158.663946	
158.938050	
158.956145	
159.059206	
159.219751	
159.367755	
159.502041	
159.628798	
159.649546	
159.790522	
159.926848	
159.961338	
160.064490	
160.287324	
160.345329	
160.510952	
160.621451	
160.902993	
161.186531	
161.325034	
161.464989	
161.634966	
161.745329	
162.030998	
162.219660	
162.306871	
162.588481	
162.665850	
162.764286	
162.862562	
163.147483	
163.329048	
163.431837	
163.567256	
163.714785	
163.987778	
164.265578	
164.413651	
164.446939	
164.502154	
164.550612	
164.712336	
164.748571	
164.829977	
164.970136	
165.009728	
165.103628	
165.388549	
165.569025	
165.672653	
165.809093	
165.945918	
166.091882	
166.120499	
166.232744	
166.515556	
166.653923	
166.705646	
166.793016	
167.073288	
167.250340	
167.349637	
167.515193	
167.632834	
167.888367	
167.908753	
168.052744	
168.182358	
168.196100	
168.356304	
168.474898	
168.751088	
168.898209	
168.931224	
169.037483	
169.316916	
169.594694	
169.875465	
170.054558	
170.159184	
170.296485	
170.435760	
170.584512	
170.599048	
170.717755	
171.002880	
171.140952	
171.190590	
171.278390	
171.558299	
171.736825	
171.839365	
172.119524	
172.160181	
172.247415	
172.404580	
172.538186	
172.666735	
172.828798	
172.935261	
172.956508	
173.238163	
173.358005	
173.524331	
173.801655	
173.949274	
173.981633	
174.077619	
174.361927	
174.644308	
174.781020	
174.922177	
175.069705	
175.203651	
175.488231	
175.629569	
175.656485	
175.767007	
176.044943	
176.224082	
176.322245	
176.603265	
176.788299	
176.889274	
177.024308	
177.168912	
177.307052	
177.447755	
177.724626	
177.867166	
177.905102	
178.008209	
178.288118	
178.322381	
178.455669	
178.567234	
178.841723	
179.130680	
179.268458	
179.379751	
179.690045	
179.974172	
180.115646	
180.162993	
180.250590	
180.531338	
180.619751	
180.707710	
180.806281	
181.089365	
181.273968	
181.376757	
181.508639	
181.656871	
181.794240	
181.933605	
182.210159	
182.360907	
182.390930	
182.449932	
182.493855	
182.654376	
182.694195	
182.771859	
182.917007	
182.954082	
183.047460	
183.073651	
183.331905	
183.513651	
183.616848	
183.754467	
183.888481	
184.039478	
184.062154	
184.175714	
184.459229	
184.600068	
184.649478	
184.736984	
185.018662	
185.193900	
185.292971	
185.457574	
185.578639	
185.718413	
185.760658	
185.863673	
185.997052	
186.117415	
186.297959	
186.419932	
186.694943	
186.839683	
186.877506	
186.981020	
187.262018	
187.540884	
187.819932	
187.998730	
188.103084	
188.239274	
188.378299	
188.526780	
188.549116	
188.660680	
188.946372	
189.088707	
189.136349	
189.222698	
189.502245	
189.679093	
189.782540	
190.063243	
190.178163	
190.348345	
190.483537	
190.609501	
190.771837	
190.884422	
191.182154	
191.267211	
191.302449	
191.466621	
191.745533	
191.893084	
191.926213	
192.021678	
192.305488	
192.451701	
192.484354	
192.588231	
192.726054	
192.864739	
193.010703	
193.030567	
193.146304	
193.295147	
193.433447	
193.574036	
193.609320	
193.988753	
194.166145	
194.265624	
194.547234	
194.694082	
194.732540	
194.834104	
194.968277	
195.113855	
195.252971	
195.287823	
195.391882	
195.667438	
195.808934	
195.849365	
195.950567	
196.232404	
196.409592	
196.504989	
197.073197	
197.210930	
197.314512	
197.614830	
197.918209	
198.056825	
198.107052	
198.195397	
198.475125	
198.620703	
198.652880	
198.752789	
198.899932	
199.036916	
199.217551	
199.290340	
199.321746	
199.455488	
199.602041	
199.879546	
200.155306	
200.302358	
200.335510	
200.436848	
200.459433	
200.679909	
200.718776	
200.895261	
200.988957	
201.151361	
201.455896	
201.560567	
201.698027	
201.829070	
202.120204	
202.269070	
202.404626	
202.547302	
202.592993	
202.680091	
202.961814	
203.103787	
203.139002	
203.235760	
203.386893	
203.521859	
203.702222	
203.806032	
203.941293	
204.087596	
204.227800	
204.364286	
204.507823	
204.640272	
204.786644	
204.924875	
205.066327	
205.199229	
