0.136531	
0.160499	
0.224331	
1.449138	
1.548912	
2.364626	
2.451769	
2.533379	
2.921315	
3.067642	
3.250091	
3.465873	
3.658322	
3.861814	
4.059683	
4.249819	
4.455964	
4.662766	
4.864286	
5.060068	
5.261927	
5.462086	
5.661224	
5.867007	
6.053288	
6.258209	
6.475533	
6.626508	
6.651791	
6.886984	
7.119932	
7.351633	
7.594671	
7.623764	
8.834898	
10.006281	
10.207347	
10.342086	
10.387438	
10.577642	
10.596735	
11.534240	
11.751542	
11.956168	
12.140363	
12.316032	
12.518526	
12.537460	
12.659615	
12.715215	
12.914036	
13.461927	
13.685488	
13.776485	
13.866757	
14.070680	
14.640816	
14.840680	
15.023039	
15.246916	
16.382744	
16.810544	
16.985011	
17.061655	
18.314422	
18.938390	
19.129773	
19.509002	
19.537052	
19.732948	
19.912449	
20.108707	
20.134082	
20.602290	
21.262041	
21.278526	
21.319705	
21.894444	
22.091950	
22.284036	
22.500091	
24.242494	
24.271837	
24.449184	
24.632018	
24.854399	
24.877687	
26.271247	
26.450590	
29.103605	
30.168141	
31.879410	
31.969569	
33.177937	
35.785057	
35.842517	
36.163900	
40.267959	
40.738503	
40.856689	
41.507800	
41.908163	
42.084898	
42.477959	
42.653175	
43.061224	
43.260703	
43.873424	
44.238299	
44.339161	
44.443560	
45.010272	
45.046667	
45.400975	
45.499048	
45.674512	
46.518912	
46.556893	
46.579977	
46.886463	
46.905918	
47.497506	
47.906961	
48.264989	
48.570159	
48.605374	
49.979138	
50.823084	
51.187619	
51.373424	
51.516327	
53.496757	
53.680272	
53.846893	
54.878571	
55.250816	
55.541474	
55.710340	
55.865442	
56.029252	
56.057937	
56.149342	
56.355351	
57.309615	
57.603197	
57.616712	
57.867642	
57.996712	
58.234218	
59.074898	
59.407279	
60.590544	
62.350068	
62.993016	
63.312676	
64.717891	
65.252063	
65.487823	
65.676145	
65.835646	
65.884694	
67.997506	
69.635147	
69.943288	
70.487664	
70.528844	
70.620431	
70.885760	
71.064921	
71.148526	
71.579501	
71.705918	
71.996259	
72.033152	
72.056100	
72.123900	
72.179206	
72.244127	
72.570907	
72.718299	
72.816780	
73.112313	
73.220068	
73.277823	
73.359002	
74.013968	
74.087007	
74.197528	
74.573651	
75.105147	
75.169048	
75.682245	
75.718118	
75.886032	
75.972449	
76.048435	
76.399297	
76.503696	
76.861088	
77.686531	
77.776485	
78.133379	
80.129433	
82.075918	
84.117574	
84.147234	
84.170499	
84.446916	
84.514694	
85.769705	
85.935760	
86.144195	
86.859274	
87.772676	
87.973991	
88.442404	
88.515601	
88.604240	
88.704444	
88.843220	
89.131519	
89.571383	
89.586327	
89.977914	
89.991315	
90.483719	
90.768141	
91.005147	
91.165601	
91.297755	
91.463628	
91.491655	
91.526145	
92.654127	
93.741814	
94.017234	
94.266122	
95.856395	
95.948753	
96.068798	
97.075624	
97.885805	
98.032880	
98.295329	
98.434444	
98.533220	
100.181542	
100.301723	
100.636032	
100.667211	
100.719615	
100.914422	
101.516213	
101.551111	
101.725828	
101.783605	
101.940839	
101.984603	
102.165760	
103.369070	
103.388549	
103.435850	
103.458889	
103.627937	
103.664218	
103.828639	
103.871610	
104.048141	
104.099433	
104.308141	
104.516893	
104.723696	
104.749524	
105.359342	
105.394853	
105.601270	
105.776712	
105.817755	
106.052540	
107.012630	
107.202676	
107.262744	
107.294694	
107.320136	
107.566508	
107.650454	
107.983288	
108.195578	
108.225873	
108.408662	
108.634308	
108.657279	
109.328231	
110.023084	
110.260045	
110.473129	
110.722744	
111.292608	
111.430590	
112.163946	
112.212132	
112.488730	
112.506077	
112.806485	
113.125125	
113.179410	
113.199841	
113.224512	
114.088073	
114.116916	
115.190590	
115.215850	
116.370794	
116.467075	
116.745465	
116.837846	
116.857120	
117.086893	
117.189705	
117.206327	
117.327574	
117.452109	
117.559138	
117.785351	
117.843628	
117.949751	
118.228776	
118.301247	
118.384671	
118.417800	
118.545782	
118.649184	
119.739977	
119.765079	
119.793175	
120.130567	
120.142789	
120.416281	
120.469433	
120.570454	
120.699320	
120.731519	
120.825215	
121.918322	
122.266712	
122.633243	
122.741429	
122.856508	
122.878027	
124.815079	
124.926259	
125.575397	
125.676780	
125.823923	
125.945465	
125.965510	
126.426417	
127.105034	
127.373129	
127.546939	
127.566395	
127.784104	
128.212404	
128.241633	
128.631474	
129.077528	
129.353197	
129.506553	
129.934082	
130.609773	
131.033379	
131.264240	
131.693265	
132.125306	
132.547664	
132.703311	
132.834966	
133.090068	
133.566508	
134.057347	
134.099410	
134.382063	
134.813878	
134.863741	
135.361247	
135.592925	
135.747075	
135.909274	
136.371361	
136.578141	
136.853741	
137.113197	
137.257143	
137.407551	
137.431111	
137.583084	
137.632834	
137.754308	
137.789297	
138.375737	
138.594376	
138.876485	
139.124649	
139.148594	
139.304014	
139.436032	
139.616463	
139.642653	
139.660544	
140.144263	
140.307483	
140.434807	
140.458889	
140.832721	
140.849025	
140.895034	
140.919864	
141.047528	
141.179274	
141.214671	
141.755850	
142.180159	
142.215374	
142.248662	
142.340726	
142.500091	
142.637098	
142.782381	
142.936077	
143.235760	
143.358503	
143.421088	
143.574626	
143.608141	
143.761338	
144.085986	
144.528526	
144.678730	
144.806259	
144.844263	
145.000590	
145.303515	
145.319546	
145.355556	
145.389637	
145.528639	
145.620680	
145.673651	
145.816372	
146.175828	
146.606485	
146.774671	
146.867302	
147.176621	
147.348458	
147.400635	
147.428050	
147.569909	
147.698503	
147.913107	
148.599705	
148.769138	
148.933039	
149.242540	
149.425193	
149.458481	
150.776463	
152.574150	
154.190635	
154.391859	
155.467370	
156.172290	
156.994535	
157.045850	
157.422313	
159.647143	
161.168435	
161.200113	
161.223968	
161.260726	
161.577438	
161.640023	
161.701973	
161.773741	
162.706463	
162.843061	
162.874127	
163.380181	
163.811270	
165.172971	
165.556644	
165.586803	
165.815465	
165.919569	
165.942812	
166.212744	
166.239410	
166.522177	
166.974172	
167.447211	
167.489751	
167.938390	
168.745034	
168.983719	
169.487143	
169.661905	
169.799093	
170.292449	
170.525805	
170.756803	
170.772857	
170.822834	
171.539864	
171.680680	
172.274512	
172.321179	
172.546712	
172.804286	
173.023107	
173.055828	
173.551088	
174.278753	
174.746621	
174.866077	
174.894444	
175.105782	
175.395238	
175.421451	
175.649002	
175.693039	
175.930091	
176.117007	
176.365760	
176.527279	
176.659093	
176.678050	
176.826100	
177.730771	
178.476349	
178.710317	
178.970023	
179.733152	
180.468934	
180.954739	
180.990000	
181.725488	
181.744399	
182.232948	
182.386395	
182.558413	
183.006327	
183.039048	
183.284580	
183.322744	
184.970340	
186.053696	
186.402608	
186.501995	
186.601247	
186.773968	
187.051474	
187.450227	
187.527891	
187.737256	
188.574694	
189.134558	
189.329274	
189.915011	
190.008571	
190.350385	
190.373220	
190.550159	
190.623197	
190.936644	
191.110794	
191.131814	
191.433696	
192.170816	
192.927891	
193.659320	
193.974082	
195.648753	
195.776304	
196.015782	
196.532041	
196.584195	
197.542132	
197.576054	
198.134082	
198.331701	
199.318662	
199.343855	
199.376395	
201.174626	
201.663243	
201.930794	
202.394195	
202.435329	
202.975420	
203.044762	
203.148707	
203.284671	
203.869796	
204.456871	
204.772721	
205.535646	
205.799229	
206.253016	
206.578844	
208.375261	
210.178503	
211.978141	
213.779977	
213.899660	
216.652109	
217.064671	
217.379161	
219.177574	
220.194989	
220.610998	
220.982041	
221.696327	
228.824059	
228.849977	
230.316644	
231.692789	
231.781882	
232.219229	
232.709478	
233.132517	
233.581950	
234.566780	
235.383787	
235.958571	
236.007098	
236.081905	
236.172948	
236.203401	
236.318027	
236.468254	
237.464240	
237.488390	
238.386485	
238.523129	
238.646961	
238.827982	
239.763197	
239.777687	
240.238073	
240.383583	
240.517007	
240.692608	
241.667438	
241.702834	
242.131361	
242.264444	
242.397642	
242.577574	
243.517732	
243.534785	
243.671519	
243.789728	
243.969932	
244.012562	
244.956553	
245.897415	
246.030091	
246.171905	
246.346871	
247.300930	
247.342812	
247.794263	
247.913265	
248.051519	
248.225964	
249.182902	
249.204059	
249.637506	
249.652358	
249.782381	
249.912789	
250.099002	
250.128571	
251.586122	
251.719728	
252.033197	
252.405646	
252.550068	
252.798163	
253.322086	
253.832494	
254.732336	
255.187052	
255.261927	
256.989433	
257.506281	
258.995193	
259.370794	
260.871882	
262.349773	
264.588912	
266.170590	
267.121995	
267.586531	
267.619048	
267.716009	
268.659819	
269.455079	
269.581678	
270.534172	
270.567846	
271.323923	
271.450862	
271.487029	
272.853401	
273.533946	
274.988005	
276.786599	
276.842608	
276.963016	
277.867370	
278.590159	
278.658141	
278.683628	
278.766032	
279.716576	
280.184580	
280.446440	
280.465918	
280.600975	
281.273741	
281.366190	
281.441429	
281.545170	
282.160227	
282.209184	
282.286100	
282.361406	
282.449773	
282.661633	
282.909229	
283.106122	
283.252426	
283.335918	
283.566395	
283.635941	
283.708707	
283.789365	
284.025147	
284.097098	
284.172925	
284.263469	
288.049977	
288.110794	
289.394308	
290.075805	
298.641655	
300.070068	
300.191224	
300.598957	
300.634422	
301.747823	
301.914150	
302.012857	
302.962313	
303.049977	
303.321859	
304.372472	
304.418957	
304.536508	
304.663764	
304.823356	
305.769297	
305.913878	
306.367234	
307.564512	
307.629388	
309.199728	
310.962698	
311.425102	
311.452109	
311.522517	
311.819274	
311.846667	
312.798299	
313.293379	
314.595918	
314.712721	
314.841678	
314.963333	
315.095646	
315.121837	
315.139320	
315.955828	
316.089864	
