0.173469	
0.410794	
0.668753	
0.926939	
1.187211	
1.425941	
1.704172	
1.958005	
2.199365	
2.465034	
2.698730	
2.975782	
3.211202	
3.462676	
3.708889	
3.956054	
4.208435	
4.456961	
4.640726	
4.710567	
4.961905	
5.209977	
5.438458	
5.710385	
5.962993	
6.218549	
6.462993	
6.715964	
6.959773	
7.220544	
7.463447	
7.573605	
7.713152	
7.949161	
8.174467	
8.430658	
8.673107	
8.935102	
9.176599	
9.421769	
9.675420	
9.920363	
10.158594	
10.412472	
10.653424	
10.896372	
11.137687	
11.381769	
11.499093	
11.626893	
11.768254	
11.858503	
12.087029	
12.589478	
12.818685	
13.060408	
13.543356	
14.026984	
14.516644	
14.980272	
15.228753	
15.469433	
15.693741	
15.759637	
15.936009	
16.431111	
16.899229	
17.150522	
17.382449	
17.847075	
18.351383	
18.583039	
18.836735	
19.327392	
19.595782	
19.809433	
20.055782	
20.292880	
20.539320	
20.784671	
21.016825	
21.261905	
21.504172	
21.748073	
21.996190	
22.224626	
22.471791	
22.700726	
22.938413	
23.116825	
23.185578	
23.408798	
23.665624	
23.907166	
24.146395	
24.399048	
24.638957	
24.883084	
25.115011	
25.354150	
25.457732	
25.574104	
25.840091	
26.075646	
26.323719	
26.565488	
26.811882	
27.034830	
27.252562	
27.530159	
27.774195	
28.014467	
28.260091	
28.504626	
28.744036	
28.981134	
29.216599	
29.424671	
29.646122	
29.936780	
30.135873	
30.181859	
30.416372	
30.656825	
30.873243	
31.144943	
31.177687	
31.382222	
31.865941	
32.345170	
32.830431	
33.308753	
33.780862	
34.029705	
34.252200	
34.489615	
34.721043	
35.204853	
35.454286	
35.688844	
35.928481	
36.174014	
36.414603	
36.647937	
36.858866	
37.133696	
37.374558	
37.611701	
37.857279	
38.104308	
38.342585	
38.583855	
38.705306	
39.071293	
39.202902	
39.317098	
39.546531	
39.806757	
40.045397	
40.289751	
40.513061	
40.756553	
40.999456	
41.194195	
41.474830	
41.720771	
41.960000	
42.193787	
42.437098	
42.673379	
42.914240	
43.151293	
43.402812	
43.651701	
43.888844	
44.126531	
44.362766	
44.595646	
44.692426	
44.834694	
45.017868	
45.318005	
45.556054	
45.802086	
46.037279	
46.281769	
46.518639	
46.762766	
47.011973	
47.244127	
47.500272	
47.736916	
47.973107	
48.190068	
48.449569	
48.698322	
48.929705	
49.173560	
49.407846	
49.651701	
49.876054	
49.991746	
50.117098	
50.600907	
51.099728	
51.336463	
51.581451	
51.824989	
52.046712	
52.287982	
52.424308	
52.531066	
52.770522	
53.023175	
53.268254	
53.504989	
53.741859	
53.980000	
54.220317	
54.461859	
54.701723	
54.943628	
55.178594	
55.431111	
55.666349	
55.905669	
56.141043	
56.386485	
56.590522	
56.863946	
57.108209	
57.343583	
57.579320	
57.822948	
58.065896	
58.309342	
58.541814	
58.786531	
59.026304	
59.264127	
59.500227	
59.553197	
59.737279	
59.966032	
60.213424	
60.448798	
60.694966	
60.929660	
61.111338	
61.168345	
61.396916	
61.643719	
61.877324	
62.116190	
62.361043	
62.595374	
63.074875	
63.315193	
63.360317	
63.541678	
63.842812	
64.034512	
64.277732	
64.326213	
64.511973	
64.983764	
65.227483	
65.460726	
65.915420	
66.395011	
66.627664	
66.866213	
67.338957	
67.568299	
67.809524	
68.052698	
68.276327	
68.505215	
68.588254	
68.751111	
69.225941	
69.687846	
69.928934	
70.164853	
70.402132	
70.639138	
71.106440	
71.339819	
71.579728	
71.806168	
72.032834	
72.278141	
72.511202	
72.742676	
72.996961	
73.236871	
73.484172	
73.706576	
73.946531	
74.181043	
74.423492	
74.647483	
74.887211	
75.115057	
75.353061	
75.587029	
75.825986	
76.055556	
76.292698	
76.517007	
76.759410	
76.989569	
77.120726	
77.227755	
77.391474	
77.488073	
77.611927	
77.703265	
77.840454	
77.945397	
78.071837	
78.184082	
78.311066	
78.419546	
78.540181	
78.651610	
78.792336	
78.896009	
79.026259	
79.128844	
79.275510	
79.376735	
79.502766	
79.599456	
79.846531	
79.983719	
80.069433	
80.310023	
80.418912	
80.518005	
80.742721	
80.911293	
80.996417	
81.226893	
81.501315	
81.742132	
81.975782	
82.217188	
82.448299	
82.681134	
82.926349	
83.161361	
83.379501	
83.621134	
83.862585	
84.092290	
84.332608	
84.805850	
85.285215	
85.523356	
85.765578	
86.001043	
86.236054	
86.467029	
86.706440	
86.943084	
87.195465	
87.443447	
87.675828	
87.905125	
88.146848	
88.384082	
88.623991	
88.863810	
89.098458	
89.342630	
89.578776	
89.818866	
90.050522	
90.275828	
90.516009	
90.750431	
90.981315	
91.239546	
91.478776	
91.710340	
91.910204	
91.948617	
92.189569	
92.424036	
92.577868	
92.666531	
92.795238	
92.900907	
93.036916	
93.141678	
93.274558	
93.373016	
93.517460	
93.613107	
93.745669	
93.843129	
93.988571	
94.091973	
94.224626	
94.323583	
94.467528	
94.566485	
94.698367	
94.796916	
94.936780	
95.032925	
95.156689	
95.275011	
95.525533	
95.740862	
96.003810	
96.120000	
96.220635	
96.470340	
96.701995	
96.948254	
97.192789	
97.434467	
97.668118	
97.903129	
98.146395	
98.386122	
98.623220	
98.784082	
99.099819	
99.483492	
99.579819	
99.797959	
100.053243	
100.291338	
100.528209	
100.767710	
101.003220	
101.242948	
101.485170	
101.710794	
101.951020	
102.165533	
102.429977	
102.670748	
102.912290	
103.147211	
103.377234	
103.613651	
103.855011	
104.085986	
104.323537	
104.569206	
104.805805	
105.037959	
105.281769	
105.508798	
105.747755	
105.984490	
106.226576	
106.372517	
106.703810	
106.934104	
107.178186	
107.411247	
107.659093	
107.894875	
108.017188	
108.133424	
108.369252	
108.490340	
108.610884	
108.841497	
108.990975	
109.085034	
109.336961	
109.556825	
109.790703	
110.034286	
110.271429	
110.501678	
110.975964	
111.457596	
111.935964	
112.416190	
112.662041	
112.894240	
113.124762	
113.366168	
113.602358	
113.844354	
114.085488	
114.318821	
114.551973	
114.792744	
115.027256	
115.267256	
115.510113	
115.564308	
115.738367	
115.968798	
116.214104	
116.448571	
116.514150	
116.689297	
116.921497	
117.159909	
117.632517	
117.818322	
118.110159	
118.344444	
118.578005	
118.811293	
119.052653	
119.293197	
119.349705	
119.523583	
119.751655	
119.995147	
120.236145	
120.287392	
120.453741	
120.687166	
120.921270	
121.154558	
121.401361	
121.645351	
121.883084	
122.105034	
122.349569	
122.566077	
122.808390	
123.046485	
123.282132	
123.531701	
123.774558	
124.010385	
124.247075	
124.496916	
124.719456	
124.968934	
125.188753	
125.426576	
125.651156	
125.904717	
126.002948	
126.120544	
126.588163	
127.064218	
127.527166	
127.768753	
128.002404	
128.237370	
128.358186	
128.391610	
128.477506	
128.719592	
128.943719	
129.426122	
129.647982	
129.896417	
130.131882	
130.372472	
130.599138	
130.634785	
130.841179	
131.320816	
131.535737	
131.787438	
132.014966	
132.259546	
132.735601	
133.220680	
133.434558	
133.673379	
133.917188	
134.160136	
134.408027	
134.625397	
135.108889	
135.345986	
135.592200	
136.057007	
136.298730	
136.487483	
136.537506	
136.925805	
137.017370	
137.247120	
137.482630	
137.721270	
137.961406	
138.204490	
138.434104	
138.665351	
138.915329	
139.384943	
139.617596	
139.865714	
140.055193	
140.337551	
140.570249	
140.814875	
141.067483	
141.173741	
141.270703	
141.763401	
142.237188	
142.476735	
142.708844	
142.954603	
143.182766	
143.418095	
143.481633	
143.662041	
143.900680	
144.130975	
144.368753	
144.610340	
144.850385	
145.081633	
145.305578	
145.546349	
145.775374	
146.014512	
146.262132	
146.499909	
146.727075	
146.973515	
147.191020	
147.428844	
147.897143	
148.149705	
148.378776	
148.627483	
148.861134	
149.091565	
149.341224	
149.556508	
149.795692	
150.032562	
150.271565	
150.503628	
150.749887	
150.982177	
151.223628	
151.463537	
151.691429	
151.948027	
152.175873	
152.408254	
152.634694	
152.891293	
153.128073	
153.363810	
153.589025	
153.834150	
154.079184	
154.307302	
154.551020	
154.782222	
155.026213	
155.269252	
155.498005	
155.971066	
156.208299	
156.439819	
156.911746	
157.389569	
157.612789	
157.868707	
158.103719	
158.336100	
158.569796	
158.711156	
158.810658	
159.051973	
159.282993	
159.539546	
159.766939	
160.235964	
160.481723	
160.709796	
160.940590	
161.012744	
161.183039	
161.653288	
161.884082	
162.122540	
162.594014	
163.072880	
163.547302	
164.017098	
164.251156	
164.483764	
164.715782	
164.952381	
165.184626	
165.421270	
165.662358	
165.894830	
166.124807	
166.370612	
166.608707	
166.847256	
167.315420	
167.546712	
167.781043	
168.024853	
168.262948	
168.502812	
168.736463	
168.969388	
169.210159	
169.443401	
169.683039	
169.916871	
170.151020	
170.396916	
170.620544	
170.846395	
171.090204	
171.334649	
171.443311	
171.557596	
172.019909	
172.069751	
172.505079	
172.726893	
172.974014	
173.207800	
173.438912	
173.667120	
173.819909	
173.899546	
174.146259	
174.377234	
174.622177	
174.852834	
175.076327	
175.317143	
175.551156	
175.784853	
176.020635	
176.081995	
176.255556	
176.445442	
176.717052	
176.943265	
177.183129	
177.403401	
177.635692	
178.110113	
178.579683	
178.813787	
179.054739	
179.301814	
179.529161	
179.765351	
179.987619	
180.458549	
180.692018	
180.742812	
180.928934	
181.156599	
181.395646	
181.627937	
181.854966	
182.228707	
182.329206	
182.551927	
182.790431	
183.029887	
183.277370	
183.517324	
183.744218	
183.981633	
184.214875	
184.686848	
184.918821	
184.956599	
185.161406	
185.396327	
185.636463	
186.091474	
186.323900	
186.552880	
186.777143	
186.890249	
187.017959	
187.485170	
187.730295	
187.944308	
188.442630	
188.726304	
188.924580	
189.160363	
189.388934	
189.864218	
190.095601	
190.133333	
190.329977	
190.564989	
190.790068	
191.027528	
191.095692	
191.266485	
191.731111	
192.196463	
192.660590	
192.900317	
193.132290	
193.599592	
193.835102	
194.066984	
194.289977	
194.530975	
194.773787	
195.000136	
195.227438	
195.462948	
195.935147	
196.188844	
196.388390	
196.647800	
196.861723	
197.316689	
197.545805	
197.588481	
197.783628	
198.237460	
198.477778	
198.532653	
198.711020	
198.938912	
199.182993	
199.656961	
199.909433	
200.119683	
200.357642	
200.585805	
201.045170	
201.288889	
201.500998	
201.971338	
202.426576	
202.677778	
202.899683	
203.367891	
203.622494	
203.849252	
204.077596	
204.114467	
204.312744	
204.786440	
205.038594	
205.251066	
205.480227	
205.721406	
205.979048	
206.199093	
206.442812	
206.666984	
207.128617	
207.368163	
207.586984	
207.843175	
208.060454	
208.525306	
208.787120	
208.985125	
209.215147	
209.448118	
209.521859	
209.683039	
209.748844	
209.915556	
210.143129	
210.384354	
210.846848	
211.110068	
211.305351	
211.555329	
211.773741	
212.224580	
212.456644	
212.504580	
212.693515	
