0.799592	
0.897324	
1.307347	
1.724399	
1.923401	
1.946032	
2.144240	
2.335578	
2.540635	
2.558073	
2.741202	
2.938095	
3.136440	
3.242993	
3.345193	
3.531270	
3.737438	
3.949501	
4.143129	
4.164014	
4.337007	
4.560680	
4.961519	
5.157234	
5.360363	
5.572494	
5.759456	
5.958186	
6.163061	
6.373152	
6.567642	
6.772132	
6.962109	
7.169773	
7.382585	
7.565261	
7.772721	
7.991678	
8.175850	
8.374014	
8.578095	
8.752744	
8.779864	
8.978617	
9.139297	
9.178390	
9.380181	
9.587959	
9.672766	
9.784422	
9.804966	
9.988005	
10.144059	
10.196349	
10.373469	
10.397642	
10.609184	
10.790227	
10.995011	
11.202268	
11.388209	
11.577438	
11.787347	
11.817574	
11.991338	
12.189184	
12.394150	
12.518005	
12.600113	
12.619138	
12.791361	
12.805011	
12.977052	
13.021474	
13.093946	
13.190703	
13.373673	
13.570703	
13.770703	
13.975601	
14.084966	
14.405079	
14.565873	
14.594195	
14.778299	
14.987619	
15.199116	
15.396893	
15.567279	
15.592540	
15.792857	
15.993107	
16.194649	
16.222721	
16.402653	
16.802789	
17.003923	
17.027234	
17.196644	
17.396916	
17.575646	
17.798299	
17.825510	
17.998095	
18.194444	
18.392494	
18.592313	
18.777052	
18.800930	
18.997370	
19.197868	
19.399524	
19.591905	
19.796508	
20.003878	
20.187664	
20.212018	
20.399365	
20.595918	
20.752902	
20.766440	
20.843900	
20.993515	
21.162517	
21.195488	
21.396417	
21.602086	
21.799615	
21.894172	
22.005556	
22.202245	
22.371519	
22.402902	
22.600771	
22.626803	
22.807868	
22.996553	
23.197052	
23.393673	
23.420544	
23.537528	
23.594014	
23.799252	
24.001429	
24.201474	
24.389955	
24.597891	
24.795669	
24.993016	
25.015646	
25.208299	
25.405782	
25.601837	
25.800771	
25.997528	
26.199932	
26.409728	
26.606576	
26.628685	
26.807302	
27.016009	
27.229320	
27.427800	
27.442200	
27.629546	
27.827551	
27.922449	
28.040136	
28.111406	
28.138662	
28.224195	
28.254671	
28.446871	
28.643787	
28.799932	
28.851610	
29.042404	
29.064127	
29.230295	
29.259864	
29.458571	
29.659864	
29.865261	
29.974308	
30.060249	
30.253084	
30.457007	
30.663855	
30.855283	
31.057347	
31.251270	
31.457324	
31.644150	
31.838186	
32.044898	
32.241655	
32.446576	
32.644739	
32.854853	
33.020408	
33.057596	
33.083311	
33.254082	
33.451497	
33.666372	
33.724104	
33.872902	
34.024580	
34.071156	
34.268707	
34.472086	
34.680045	
34.871429	
35.072381	
35.279025	
35.445261	
35.480839	
35.687075	
35.885102	
35.978957	
36.032834	
36.088753	
36.289070	
36.479977	
36.677823	
37.094467	
37.284694	
37.487052	
37.693084	
37.846440	
37.904943	
38.101293	
38.311383	
38.511202	
38.693175	
38.719433	
38.909501	
39.092608	
39.309592	
39.517732	
39.701905	
39.913333	
40.132404	
40.316145	
40.508413	
40.719751	
40.914807	
41.121723	
41.321769	
41.503129	
41.533719	
41.733311	
41.947551	
42.149524	
42.171565	
42.364558	
42.575261	
42.758367	
42.784422	
42.958776	
42.988549	
43.040340	
43.164104	
43.378027	
43.576281	
43.655601	
43.820590	
43.970975	
44.169637	
44.384444	
44.556304	
44.581791	
44.978866	
45.065896	
45.196054	
45.373061	
45.572336	
45.780068	
45.988730	
46.169184	
46.375556	
46.443923	
46.770317	
46.789705	
46.961315	
47.173333	
47.368549	
47.535714	
47.565283	
47.586531	
47.776939	
47.972132	
48.143447	
48.170839	
48.367732	
48.565692	
48.780726	
48.979615	
49.176689	
49.380522	
49.586463	
49.794082	
49.954376	
49.992086	
50.152381	
50.191950	
50.387642	
50.588617	
50.779320	
50.797234	
50.993220	
51.391134	
51.587755	
51.608345	
51.713469	
51.794966	
52.120930	
52.194127	
52.389546	
52.410181	
52.484875	
52.590249	
52.801474	
53.007347	
53.199569	
53.391905	
53.597234	
53.798549	
54.002086	
54.204331	
54.400544	
54.598549	
54.807778	
54.999297	
55.210544	
55.434853	
55.524082	
55.600680	
55.807483	
56.233673	
56.422494	
56.437914	
56.629070	
56.813016	
57.032993	
57.236259	
57.408413	
57.440045	
57.623311	
57.785329	
58.052857	
58.232222	
58.255079	
58.453537	
58.655442	
58.866417	
58.999660	
59.055601	
59.252585	
59.324399	
59.375215	
59.647279	
59.665102	
59.862653	
60.047846	
60.230794	
60.259864	
60.451837	
60.472336	
60.657800	
60.850499	
61.058005	
61.253878	
61.431633	
61.461927	
61.656780	
61.865193	
62.033469	
62.076599	
62.272698	
62.467823	
62.678027	
62.871293	
63.084376	
63.277528	
63.485079	
63.678481	
63.705283	
63.891655	
64.089524	
64.297710	
64.467642	
64.699229	
64.894399	
65.105601	
65.310340	
65.508231	
65.550204	
65.717483	
66.141610	
66.329977	
66.533469	
66.725782	
66.934399	
67.127528	
67.343469	
67.545646	
67.720998	
67.740612	
67.910975	
67.946803	
68.109002	
68.341111	
68.539887	
68.733469	
68.953764	
69.166667	
69.358798	
69.551565	
69.760998	
69.962630	
70.098753	
70.169683	
70.364399	
70.577687	
70.696961	
70.930952	
70.959864	
70.980181	
71.173197	
71.353810	
71.574263	
71.766213	
71.956644	
72.141338	
72.173311	
72.583651	
72.769252	
72.977052	
73.183968	
73.293719	
73.387619	
73.579705	
73.787460	
73.995941	
74.190522	
74.222109	
74.397324	
74.419025	
74.446553	
74.622177	
74.820363	
75.024240	
75.226893	
75.401179	
75.426599	
75.822517	
75.844875	
76.002268	
76.226463	
76.436327	
76.625873	
76.645896	
76.837098	
77.049116	
77.263560	
77.448866	
77.654059	
77.857574	
78.065624	
78.262109	
78.461905	
78.656327	
78.868322	
79.045578	
79.083016	
79.243333	
79.280385	
79.485034	
79.699320	
79.885578	
80.071950	
80.088073	
80.153537	
80.287778	
80.488095	
80.681247	
80.698707	
80.888005	
81.099138	
81.317098	
81.507574	
81.724059	
81.917642	
82.314717	
82.519546	
82.712426	
82.921202	
83.103447	
83.320295	
83.514785	
83.728571	
83.923469	
84.126327	
84.336349	
84.525964	
84.735964	
84.933515	
85.127188	
85.333673	
85.508027	
85.536304	
85.550159	
85.711088	
85.744807	
85.948639	
86.174059	
86.351995	
86.556054	
86.751315	
86.948934	
87.169433	
87.355261	
87.552925	
87.765079	
87.929524	
88.160476	
88.376576	
88.534512	
88.580454	
88.708844	
88.735624	
88.785556	
88.969274	
89.134444	
89.179705	
89.378730	
89.573288	
89.596349	
89.757007	
89.791315	
90.187778	
90.378821	
90.594649	
90.989524	
91.189433	
91.203878	
91.384354	
91.507619	
91.595533	
91.797664	
91.972245	
92.006735	
92.168141	
92.407460	
92.608367	
92.744512	
92.804739	
92.824875	
93.015918	
93.409615	
93.615079	
93.811746	
94.016349	
94.223605	
94.410068	
94.618730	
94.826644	
95.034898	
95.226916	
95.324512	
95.627188	
95.831043	
96.037438	
96.173492	
96.242766	
96.435896	
96.579751	
96.643175	
96.810272	
96.835397	
96.857143	
97.044444	
97.237460	
97.431973	
97.627007	
97.651995	
97.756735	
97.769887	
97.833492	
98.028254	
98.046009	
98.236122	
98.334762	
98.454354	
98.634694	
98.845692	
99.054875	
99.239002	
99.262902	
99.452472	
99.848776	
100.059365	
100.258844	
100.460045	
100.668571	
100.878141	
101.093492	
101.179365	
101.196077	
101.277234	
101.501066	
101.664943	
101.702880	
101.863628	
101.897029	
102.095646	
102.273469	
102.299116	
102.396281	
102.468027	
102.510726	
102.707800	
102.905510	
103.115170	
103.281701	
103.308980	
103.336961	
103.474717	
103.530091	
103.703605	
103.726939	
103.932494	
104.148594	
104.256780	
104.339569	
104.537483	
104.742653	
104.947506	
105.153107	
105.344921	
105.530136	
105.554921	
105.766417	
105.965669	
106.158141	
106.366803	
106.564376	
106.581678	
106.773741	
106.971088	
107.178776	
107.374422	
107.389501	
107.541497	
107.577302	
107.779932	
108.000476	
108.208844	
108.406667	
108.491293	
108.605488	
108.758163	
109.004127	
109.025465	
109.182562	
109.216712	
109.408141	
109.617642	
109.712449	
109.825896	
110.021633	
110.221973	
110.393243	
110.430612	
110.634172	
110.816372	
110.836848	
111.036463	
111.453628	
111.647143	
111.847256	
112.051746	
112.264490	
112.455193	
112.665873	
112.873651	
113.061383	
113.275057	
113.671837	
113.868980	
113.894399	
114.071769	
114.240975	
114.490295	
114.702313	
114.892812	
115.096644	
115.307619	
115.503946	
115.527619	
115.691247	
115.712313	
115.897234	
115.920794	
116.132449	
116.148141	
116.540862	
116.748753	
116.953356	
116.974717	
117.157415	
117.182585	
117.372109	
117.574195	
117.773356	
117.987098	
118.178277	
118.273673	
118.298390	
118.314376	
118.380680	
118.581043	
118.784308	
118.940726	
118.987891	
119.320317	
119.387256	
119.606531	
119.803333	
120.010454	
120.212562	
120.427415	
120.579864	
120.609025	
120.822222	
121.028367	
121.203288	
121.225873	
121.430884	
121.636100	
121.849524	
122.015465	
122.039388	
122.060227	
122.114649	
122.451156	
122.650771	
122.871270	
123.065737	
123.274444	
123.482404	
123.680590	
123.876304	
124.093469	
124.286395	
124.362585	
124.455238	
124.494943	
124.517732	
124.692222	
124.878934	
124.906689	
125.106508	
125.286122	
125.466417	
125.501179	
125.524308	
125.685556	
125.920476	
126.113583	
126.143946	
126.327120	
126.396712	
126.497868	
126.705193	
126.732086	
126.931723	
126.962063	
127.137982	
127.344785	
127.550091	
127.749887	
127.943900	
128.153220	
128.356372	
128.534512	
128.557166	
128.768027	
128.961859	
129.070680	
129.159932	
129.368776	
129.566440	
129.780748	
130.003515	
130.097710	
130.190045	
130.385238	
130.525170	
130.578662	
130.801723	
131.018753	
131.210567	
131.595147	
131.617937	
131.829206	
132.018844	
132.213265	
132.417891	
132.628594	
132.809456	
133.025646	
133.231338	
133.434580	
133.639388	
133.837823	
133.895442	
134.045714	
134.258549	
134.451746	
134.649977	
134.851293	
135.052177	
135.257551	
135.455805	
135.663719	
135.860680	
135.881565	
136.075601	
136.263061	
136.487075	
136.648435	
136.697324	
136.889592	
137.088549	
137.301633	
137.516054	
137.674331	
137.708163	
137.807687	
137.858163	
137.973719	
138.120408	
138.302834	
138.332132	
138.522948	
138.724014	
138.933696	
139.130975	
139.154014	
139.344354	
139.546077	
139.755896	
139.946667	
140.151882	
140.354603	
140.773673	
140.968209	
141.117619	
141.166145	
141.369615	
141.578730	
141.771701	
141.981247	
142.186349	
142.387642	
142.592109	
142.787302	
142.992834	
143.188481	
143.207937	
143.384807	
143.602222	
143.803900	
144.007052	
144.214558	
144.424240	
144.627075	
144.797755	
144.841338	
145.242857	
145.447438	
145.627551	
145.649342	
145.734444	
145.853243	
146.230204	
146.255533	
146.442971	
146.463991	
146.609683	
146.644875	
146.820635	
146.857800	
147.059456	
147.274830	
147.457937	
147.663311	
147.865873	
148.081066	
148.267596	
148.343311	
148.697755	
148.920000	
149.028231	
149.067302	
149.081973	
149.193424	
149.214966	
149.310023	
149.493673	
149.688798	
149.882381	
149.933628	
150.090726	
150.496463	
150.705714	
150.890431	
151.103719	
151.295510	
151.316485	
151.507370	
151.707166	
151.931429	
152.118776	
152.139274	
152.320794	
152.527846	
152.737574	
152.927687	
153.134490	
153.324830	
153.545420	
153.735556	
153.758005	
153.950363	
154.151066	
154.364467	
154.550975	
154.768141	
154.951633	
155.162109	
155.379002	
155.571474	
155.781746	
155.997937	
156.156508	
156.364558	
156.560068	
156.965692	
157.164263	
157.350159	
157.529342	
157.558912	
157.738277	
157.760680	
157.907937	
157.951610	
158.376236	
158.552200	
158.758209	
158.951179	
159.152381	
159.347755	
159.542971	
159.732200	
159.945646	
160.130975	
160.157914	
160.351406	
160.535374	
160.556803	
160.767846	
160.953447	
161.151633	
161.353107	
161.553537	
161.761111	
161.960726	
162.367596	
162.565896	
162.583288	
162.762585	
162.964626	
163.177052	
163.377188	
163.578413	
163.789524	
164.001610	
164.198503	
164.334921	
164.420952	
164.606576	
164.833719	
165.027098	
165.243469	
165.374444	
165.436961	
165.647914	
165.853265	
166.051066	
166.259206	
166.467778	
166.668209	
166.873515	
167.081723	
167.283673	
167.479751	
167.692358	
167.890794	
168.090590	
168.129819	
168.303333	
168.476485	
168.713311	
168.921361	
169.134535	
169.333855	
169.546440	
169.606735	
169.750249	
169.898776	
169.963583	
170.158073	
170.368503	
170.582472	
170.785896	
170.999365	
171.210884	
171.404853	
171.622766	
171.817528	
172.225057	
172.424172	
172.440726	
172.636100	
172.847460	
173.055986	
173.268617	
173.462857	
173.671383	
173.863152	
174.043923	
174.092313	
174.262154	
174.296168	
174.468707	
174.670680	
174.698617	
174.904785	
175.081950	
175.106213	
175.319093	
175.524875	
175.550272	
175.636100	
175.710612	
175.731202	
175.916735	
176.075329	
176.113084	
176.329546	
176.530816	
176.556100	
176.703175	
176.737347	
176.947846	
177.154014	
177.362381	
177.573084	
177.765215	
177.969705	
178.167710	
178.376304	
178.577664	
178.783243	
178.991270	
179.195510	
179.288481	
179.380544	
179.592608	
179.673152	
179.800998	
179.997710	
180.195329	
180.408685	
180.603878	
180.621247	
180.784807	
180.815170	
180.903878	
181.001519	
181.204490	
181.397732	
181.425533	
181.609977	
181.808299	
182.022472	
182.216757	
182.240136	
182.424830	
182.629796	
182.842494	
183.050476	
183.247868	
183.447392	
183.654059	
183.864785	
184.067483	
184.258413	
184.461156	
184.668277	
184.693424	
184.879365	
185.081293	
185.279206	
185.477846	
185.679615	
185.878776	
186.279274	
186.303447	
186.512494	
186.692698	
186.892177	
187.099773	
187.114127	
187.301655	
187.504966	
187.708413	
187.906508	
188.116893	
188.318889	
188.520794	
188.733152	
188.914807	
189.125918	
189.329433	
189.369819	
189.419751	
189.516236	
189.544263	
189.733152	
189.935533	
190.139093	
190.188209	
190.351655	
190.554127	
190.755714	
190.960159	
191.152336	
191.361678	
191.546372	
191.764739	
191.964286	
191.984739	
192.165397	
192.376689	
192.573628	
192.785714	
192.977619	
193.187211	
193.373878	
193.594490	
193.614059	
193.795170	
193.980159	
194.007483	
194.218912	
194.413129	
194.442630	
194.550726	
194.626848	
194.742086	
194.828413	
195.008005	
195.209410	
195.415442	
195.612132	
196.024422	
196.217029	
196.411837	
196.617098	
196.818390	
196.839138	
197.007664	
197.032517	
197.228299	
197.454649	
197.641179	
197.843084	
198.049660	
198.252426	
198.449864	
198.654286	
198.839683	
199.036916	
199.255079	
199.280567	
199.466689	
199.664308	
199.887052	
200.071179	
200.267188	
200.462948	
200.678707	
200.874218	
200.890204	
201.086576	
201.278005	
201.502812	
201.695374	
201.903061	
202.104739	
202.522789	
202.719002	
202.903401	
203.123764	
203.315737	
203.492381	
203.531542	
203.960317	
204.138866	
204.344875	
204.532676	
204.551043	
204.748299	
204.946825	
205.139161	
205.349184	
205.566689	
205.751247	
205.778912	
205.966848	
206.155193	
206.368912	
206.566916	
206.771950	
206.969705	
207.175465	
207.368141	
207.576077	
207.770612	
207.979433	
208.204875	
208.391315	
208.603288	
208.806961	
209.017075	
209.208753	
209.412630	
209.615873	
209.787415	
209.820363	
209.836349	
210.031134	
210.227438	
210.291905	
210.430249	
210.623605	
210.814104	
210.834059	
211.240295	
211.438027	
211.467642	
211.607914	
211.635079	
211.838073	
212.044059	
212.247664	
212.445306	
212.651610	
212.853288	
213.061746	
213.266100	
213.462562	
213.648934	
213.862676	
214.049161	
214.257528	
214.465624	
214.676531	
214.869773	
215.067823	
215.269478	
215.474467	
215.668889	
215.769796	
216.073628	
216.296077	
216.488889	
216.718209	
216.883288	
217.065306	
217.213469	
217.281723	
217.436100	
217.492449	
217.679365	
217.880522	
217.909320	
218.080159	
218.292812	
218.493016	
218.701542	
218.896485	
218.996213	
219.105465	
219.311429	
219.529977	
219.709116	
219.845465	
219.919025	
220.048798	
220.123900	
220.225669	
220.312290	
220.330408	
220.413220	
220.620680	
220.707687	
220.836893	
220.910862	
221.014853	
221.105215	
221.124308	
221.213197	
221.312540	
221.430771	
221.512993	
221.721156	
221.923492	
222.124580	
222.326213	
222.529274	
222.745805	
222.940635	
223.141134	
223.349977	
223.555556	
223.760998	
223.960590	
224.172834	
224.375283	
224.456599	
224.559274	
224.985941	
225.177324	
225.201474	
225.386281	
225.574694	
225.791474	
225.999320	
226.011383	
226.199841	
226.394966	
226.600930	
226.813900	
227.005283	
227.200499	
227.411905	
227.603741	
227.806213	
227.993084	
228.216576	
228.423288	
228.619456	
228.822313	
228.966984	
229.215442	
229.230612	
229.423265	
229.620544	
229.832562	
229.970635	
230.042585	
230.233424	
230.424694	
230.632608	
230.820862	
230.845283	
231.029297	
231.225057	
231.438957	
231.631678	
231.836259	
231.992404	
232.040431	
232.243265	
232.392585	
232.456395	
232.651315	
232.858980	
233.045306	
233.069410	
233.248844	
233.276417	
233.473243	
233.667914	
233.841769	
233.870431	
234.065397	
234.091179	
234.277279	
234.486712	
234.684082	
234.898186	
235.087098	
235.291383	
235.498639	
235.711156	
235.895170	
235.988345	
236.126939	
236.305351	
236.507846	
236.523424	
236.720862	
236.754127	
237.124467	
237.310703	
237.337687	
237.512585	
237.720454	
237.911701	
238.125374	
238.320544	
238.534807	
238.737166	
238.956825	
239.147687	
239.239887	
239.470227	
239.556757	
239.779070	
239.898798	
239.966893	
240.061565	
240.159433	
240.343107	
240.492404	
240.547188	
240.749274	
240.790454	
240.832993	
240.951202	
241.351746	
241.557120	
241.746100	
241.960113	
242.151814	
242.366327	
242.548322	
242.776349	
242.960272	
242.984830	
243.173061	
243.375624	
243.587732	
243.779161	
243.981202	
244.170431	
244.394104	
244.582290	
244.612540	
244.772676	
244.803719	
244.979070	
244.998776	
245.219002	
245.397642	
245.540816	
245.610612	
245.802902	
246.005102	
246.198866	
246.216576	
246.414512	
246.609501	
246.822041	
247.016735	
247.223537	
247.423424	
247.803107	
247.823243	
248.011497	
248.028050	
248.219070	
248.432358	
248.624694	
248.643673	
248.810045	
248.839116	
249.255488	
249.444286	
249.643424	
249.660045	
249.865601	
250.065238	
250.256168	
250.457664	
250.656213	
250.871451	
251.060930	
251.083175	
251.250227	
251.272290	
251.466122	
251.678458	
251.868912	
252.053560	
252.078821	
252.279751	
252.472177	
252.655102	
252.679048	
252.871610	
252.971905	
253.068163	
253.272902	
253.467710	
253.664059	
253.872426	
254.296440	
254.482018	
254.690522	
254.902449	
255.109252	
255.312426	
255.514580	
255.720975	
255.936304	
256.110272	
256.125193	
256.332971	
256.537937	
256.743583	
256.942063	
257.150998	
257.351293	
257.534558	
257.565261	
257.764558	
257.967347	
258.175374	
258.349864	
258.380862	
258.568571	
259.125034	
259.188912	
259.391678	
259.588141	
259.790385	
259.993537	
260.402154	
260.812200	
260.826463	
260.994762	
261.013560	
261.107098	
261.206553	
261.419274	
261.593673	
261.795147	
261.826667	
262.022381	
262.227211	
262.439728	
262.636122	
262.848934	
263.048481	
263.251020	
263.448435	
263.652993	
263.759070	
263.855646	
264.062381	
264.265102	
264.379864	
264.450726	
264.665760	
264.771134	
264.869683	
265.068844	
265.269501	
265.677619	
265.868503	
266.056803	
