2.004490	
2.040295	
2.093220	
2.293492	
2.467506	
2.492562	
2.680340	
2.695646	
2.840862	
5.701156	
5.727959	
5.768458	
5.973492	
6.185215	
6.261746	
6.545624	
6.744104	
6.790204	
6.963401	
7.009478	
7.291338	
7.336236	
7.444694	
7.480454	
7.509093	
9.180612	
9.215351	
9.259864	
10.052358	
10.071179	
10.462948	
11.091202	
11.125782	
12.101451	
12.700159	
12.831202	
12.982381	
13.011633	
13.270703	
13.339637	
13.674830	
13.829456	
14.825034	
14.874558	
16.668073	
16.719116	
16.739841	
17.086485	
17.381655	
17.525374	
17.974399	
19.224558	
19.242472	
19.270091	
19.755873	
20.096644	
20.123946	
20.142290	
20.543447	
20.580522	
21.025624	
21.204082	
21.248844	
21.434694	
21.475624	
22.254444	
22.308413	
22.341156	
23.061088	
23.132721	
27.089478	
27.529048	
27.565556	
27.761406	
27.805624	
27.981769	
28.335170	
28.396213	
29.208005	
30.494807	
30.515533	
30.540748	
30.911474	
31.307120	
31.592880	
32.241179	
32.997596	
33.331451	
33.400159	
33.786939	
34.166757	
34.582585	
34.607166	
35.025283	
35.120522	
35.438571	
35.472857	
35.797438	
36.228798	
36.251927	
36.271927	
36.923311	
37.085692	
37.108798	
37.131247	
37.482154	
38.550340	
38.745873	
39.108753	
39.562880	
39.930680	
40.447664	
40.856939	
42.937007	
43.479274	
43.833719	
44.147075	
45.493515	
45.535805	
46.368481	
46.775420	
48.028980	
49.646077	
50.654059	
51.515578	
52.360159	
52.785533	
53.209932	
53.643741	
54.079683	
54.928707	
55.343878	
55.767664	
56.183560	
56.603878	
57.042857	
57.449184	
57.470363	
57.774240	
59.158231	
60.008526	
60.370317	
60.424512	
60.627075	
60.817415	
61.468980	
62.536712	
62.969116	
63.392857	
63.752698	
63.990181	
64.204172	
64.236395	
64.311587	
64.557029	
64.799841	
64.828934	
65.170726	
65.204354	
65.366304	
65.583288	
65.936168	
66.262472	
66.291927	
66.362018	
66.751905	
66.778141	
67.038345	
67.174195	
67.432789	
67.468073	
67.634286	
67.666281	
67.912086	
68.243061	
68.652857	
68.813651	
68.973787	
69.729864	
70.078277	
70.151678	
70.547302	
70.968912	
71.240068	
72.659569	
73.053878	
73.368730	
73.487846	
73.816395	
73.953628	
74.183719	
74.225351	
74.243061	
74.837778	
74.875193	
75.020181	
75.057324	
75.222404	
76.731361	
76.920340	
77.338277	
77.742290	
78.467619	
78.561406	
78.584694	
78.639342	
79.055351	
79.075193	
79.264104	
79.477256	
80.067959	
80.257823	
81.150771	
83.015669	
83.450612	
85.460136	
86.284286	
87.160181	
87.562268	
87.977619	
88.845578	
88.864626	
89.585238	
90.062336	
90.522472	
90.542132	
90.927846	
90.975646	
91.203628	
91.381111	
91.969615	
92.009569	
92.239546	
92.619546	
92.858912	
93.070476	
93.922993	
94.332200	
94.539252	
94.659977	
94.770658	
95.189773	
95.565238	
95.609478	
95.970794	
96.246395	
96.421542	
96.833968	
97.050590	
97.247143	
97.385850	
97.501837	
97.647732	
97.979569	
98.062812	
98.948345	
99.282902	
99.414490	
99.765918	
100.178231	
100.598730	
100.619048	
101.023447	
101.149728	
101.331315	
101.433447	
102.333764	
102.755079	
102.836689	
103.175510	
104.497642	
106.571247	
106.846077	
106.863583	
106.962744	
107.382608	
107.791315	
108.190408	
108.599909	
109.042744	
109.472154	
109.913605	
110.774694	
111.213628	
111.643107	
112.499546	
113.377438	
114.215964	
114.636644	
115.035918	
115.065442	
115.479683	
115.917619	
116.664150	
116.703878	
117.642812	
118.045918	
118.181655	
118.472676	
118.886848	
119.331882	
119.736440	
119.760590	
120.043968	
120.552449	
120.605692	
120.665533	
120.828413	
120.854762	
121.063061	
121.078118	
121.475986	
121.890952	
122.309025	
122.724467	
122.994966	
123.031497	
123.404762	
123.449637	
123.879229	
124.015351	
124.211429	
124.455624	
124.776349	
125.021451	
125.048503	
125.261338	
125.545533	
125.681179	
126.118005	
126.409025	
126.526395	
126.599025	
126.866032	
126.962630	
127.181202	
127.810635	
127.827778	
127.988458	
128.056417	
128.159184	
128.632472	
129.070136	
129.453787	
129.495283	
129.518231	
129.908617	
130.296054	
130.325556	
131.173129	
131.195533	
131.464558	
131.783084	
132.001156	
132.432200	
132.872381	
133.291633	
133.338118	
133.552857	
133.698526	
133.731293	
134.306689	
134.596531	
135.419297	
135.842948	
136.275374	
136.665057	
136.702721	
137.111791	
137.984240	
137.997778	
138.404989	
138.795782	
139.523197	
139.670408	
139.688481	
140.964263	
141.387800	
141.823333	
142.231950	
142.649524	
143.070794	
143.275215	
143.500249	
143.912290	
143.936054	
146.486304	
146.503401	
146.908730	
147.346213	
148.239705	
149.046190	
149.463696	
149.766780	
149.908957	
150.300136	
150.608821	
150.690476	
150.727007	
152.012789	
153.950340	
154.438571	
154.787302	
154.983923	
155.162381	
155.798481	
155.816689	
156.029161	
156.238549	
156.438367	
156.640884	
157.048413	
157.129660	
157.228503	
157.306463	
158.324966	
159.169184	
160.072313	
160.906825	
161.757574	
162.472812	
162.498526	
163.286893	
163.434739	
163.846054	
164.126689	
164.274853	
165.132993	
165.551043	
166.589138	
166.841088	
167.624172	
167.677687	
168.540930	
168.569229	
168.945873	
169.375034	
169.801451	
170.197392	
170.621814	
171.044830	
171.489070	
171.919705	
171.934717	
172.194898	
172.313220	
172.345692	
172.780748	
173.625011	
173.641814	
174.055261	
174.147256	
174.194014	
174.471837	
175.244104	
175.340635	
175.762653	
176.182381	
176.602766	
176.896893	
177.046145	
177.229887	
177.431111	
177.862698	
178.707279	
179.098571	
179.143764	
180.406122	
181.232290	
182.351134	
183.744376	
184.545828	
185.414512	
185.831837	
186.243152	
186.673968	
187.096621	
187.511179	
187.938662	
188.071383	
188.186848	
188.211474	
188.381814	
188.565420	
188.783673	
188.934966	
189.008413	
189.079524	
189.118912	
189.159841	
189.375510	
189.572290	
189.746440	
189.772812	
189.832245	
189.990249	
190.185510	
190.407891	
190.671111	
190.698413	
190.806599	
190.992517	
191.198050	
191.448163	
191.478322	
191.617143	
191.798980	
192.007120	
192.261905	
192.415465	
192.460703	
192.574898	
192.780408	
192.978073	
193.156032	
193.180363	
193.554195	
193.583197	
193.967098	
193.996054	
194.299841	
194.369773	
194.941134	
195.172222	
195.558571	
195.578163	
195.962063	
196.358753	
196.404286	
196.755578	
197.152517	
197.200023	
197.552902	
197.585896	
198.361315	
198.955510	
199.127642	
199.560522	
199.578141	
199.603424	
199.926825	
200.112154	
200.703356	
201.132177	
201.171542	
201.322857	
201.509932	
201.922336	
202.065782	
202.242018	
202.452472	
202.634671	
202.749229	
202.958844	
204.952358	
205.063061	
205.174966	
205.357438	
205.775578	
205.807528	
206.192132	
206.210907	
206.583787	
206.612222	
206.779138	
206.895488	
207.032721	
207.288027	
207.310023	
207.427302	
207.811474	
208.178526	
208.606122	
208.977551	
209.009796	
209.368322	
209.407415	
209.586689	
209.603061	
209.776145	
209.805011	
210.184059	
210.364535	
210.553129	
210.586916	
210.812358	
210.989751	
211.565011	
211.597800	
211.813855	
212.214671	
212.402789	
212.611406	
213.001224	
213.084535	
213.119932	
213.333311	
214.418005	
214.616168	
214.804603	
215.004807	
215.200113	
215.400023	
215.583311	
215.789093	
215.948821	
215.975193	
216.164603	
216.425556	
216.606599	
216.740839	
216.993265	
217.115306	
217.260204	
217.410113	
217.449592	
217.603741	
217.804512	
217.920975	
218.024762	
218.183016	
218.218685	
218.605986	
218.757755	
219.019138	
219.429615	
219.808277	
220.426009	
220.637528	
220.777800	
220.821678	
220.953515	
221.019932	
221.123651	
221.212744	
221.365011	
221.380567	
221.409206	
221.598322	
221.938458	
221.972857	
222.585669	
222.727166	
222.750544	
223.017279	
223.410113	
223.583764	
223.616417	
223.793855	
223.819592	
223.969184	
224.007914	
224.179955	
224.203537	
224.314082	
224.398707	
224.541859	
224.583333	
224.783583	
224.961655	
225.148050	
225.178163	
225.754308	
225.915986	
226.165442	
226.578753	
226.765215	
226.788730	
226.997415	
227.155465	
227.187937	
227.321134	
227.346100	
227.377370	
227.495147	
227.710703	
227.734807	
227.760567	
227.945578	
228.132812	
228.162721	
228.307664	
228.586145	
228.730748	
228.768481	
228.913288	
228.941134	
228.961927	
229.067483	
229.160385	
229.279705	
229.339569	
229.533311	
229.724082	
229.889637	
230.163855	
230.321429	
230.350975	
230.508435	
230.524626	
230.547347	
230.646145	
230.744671	
230.867143	
230.921542	
231.694943	
231.932041	
234.429660	
234.819660	
234.848481	
235.228526	
235.253469	
235.609025	
235.637823	
236.068345	
236.254853	
236.461088	
236.842132	
237.030726	
237.221837	
237.627914	
237.822313	
238.019116	
238.373855	
238.393855	
238.586599	
238.762517	
238.785329	
239.604830	
240.133333	
240.411361	
240.816621	
240.971429	
241.173515	
241.215601	
241.405624	
241.601791	
241.786871	
241.873220	
242.403537	
242.817619	
243.687370	
244.055102	
244.093583	
244.487868	
244.518095	
244.941769	
245.353968	
245.627800	
245.796508	
246.195737	
246.219456	
246.649048	
247.070522	
247.493220	
247.800748	
247.897302	
248.044172	
248.168435	
248.328957	
248.472426	
248.609819	
248.751723	
248.886644	
249.008299	
249.185170	
249.648345	
249.696122	
250.097937	
250.549070	
250.971633	
250.995351	
251.409773	
251.848345	
251.868957	
252.283855	
252.742290	
253.142132	
253.623356	
254.034218	
254.483197	
254.889841	
255.343515	
255.772948	
256.185488	
256.607642	
256.786100	
257.088594	
257.472381	
257.510385	
257.947279	
258.190249	
258.367959	
258.807188	
259.224331	
259.703333	
260.568798	
260.984739	
261.550023	
261.578821	
261.696780	
261.824580	
261.851542	
262.104626	
262.164467	
262.913175	
263.189002	
263.606259	
264.038345	
264.057619	
264.473401	
264.916463	
265.345850	
265.766463	
265.795533	
266.149229	
266.661156	
267.056168	
268.347846	
268.800794	
269.249048	
269.661837	
270.116463	
270.551565	
270.998753	
271.653039	
271.867166	
272.270726	
272.427415	
272.734444	
273.135828	
273.626531	
274.049116	
274.486327	
274.864490	
274.996259	
275.038413	
275.355578	
276.202313	
276.612336	
276.771973	
277.077914	
277.941995	
278.347347	
278.375079	
278.792132	
279.225828	
279.665420	
280.095465	
280.547596	
280.978866	
281.423583	
281.832948	
282.304127	
282.735850	
283.160680	
283.179116	
283.580476	
283.603515	
284.042132	
284.453379	
284.889864	
285.318481	
285.782177	
286.665782	
288.784898	
288.847098	
290.264830	
290.690068	
294.374966	
294.734150	
294.946077	
295.182222	
295.466236	
295.761701	
296.102562	
296.462562	
296.811020	
296.892789	
297.760136	
299.453923	
301.078118	
301.860045	
301.897755	
303.536735	
309.383900	
309.776054	
310.212857	
310.637279	
311.098889	
311.522449	
311.959206	
312.829751	
312.850884	
313.250295	
313.675079	
313.728685	
313.952313	
314.108413	
314.546259	
314.963900	
315.392177	
315.815193	
316.258571	
316.592177	
316.672177	
316.722971	
317.100204	
317.192653	
317.452132	
317.732653	
317.844082	
317.971542	
318.163719	
318.381973	
318.600590	
319.749365	
320.164785	
320.585057	
320.666599	
320.717937	
320.927551	
321.358662	
321.671837	
321.984694	
322.517302	
323.843628	
323.959569	
324.719274	
325.045374	
325.844399	
326.146145	
327.242766	
327.266054	
327.363605	
327.780907	
328.143764	
329.103810	
329.837959	
332.221451	
332.547098	
332.915329	
333.309456	
333.669546	
334.011542	
334.376621	
334.456145	
334.835011	
335.126712	
335.381134	
335.573469	
335.696440	
335.764694	
336.102358	
336.420726	
336.705374	
337.274150	
338.721701	
339.196190	
339.625034	
340.589297	
341.584172	
342.114263	
342.770113	
342.905578	
343.889048	
344.767574	
345.186032	
345.613787	
346.043764	
346.535850	
347.061995	
347.593220	
348.252018	
348.699932	
349.294354	
